Time,QuadX,QuadY,QuadZ,QuestX,QuestY,QuestZ,QuestRx,QuestRy,QuestRz,LeftX,LeftY,LeftZ,LeftRx,LeftRy,LeftRz,RightX,RightY,RightZ,RightRx,RightRy,RightRz
3/9/2023 4:26:29 PM,-208.700043,0.005455943,-0.399994582,0,0,0,0,0,0,-0.09579987,-0.08219545,-0.000200180337,359.307068,273.39502,2.56102467,-0.07997297,-0.0969996452,0.0100067267,1.116845,272.630554,2.74147987
3/9/2023 4:26:30 PM,-208.700043,0.005455943,-0.399994582,0,0,0,0,0,0,-0.09579987,-0.08219545,-0.000200180337,359.307068,273.39502,2.56102467,-0.07997297,-0.0969996452,0.0100067267,1.116845,272.630554,2.74147987
3/9/2023 4:26:31 PM,-208.700043,0.005455943,-0.399994582,2400.835,-2232.78418,1316.23462,31.2764549,174.138519,156.6947,-0.09579987,-0.08219545,-0.000200180337,359.307068,273.39502,2.56102467,-0.07997297,-0.0969996452,0.0100067267,1.116845,272.630554,2.74147987
3/9/2023 4:26:31 PM,-208.700317,-0.03299383,-0.4322744,2404.35742,-2230.1792,1315.46411,31.8003712,176.184158,160.263855,1.50350213,0.609550238,1.95593548,4.70732927,301.696045,281.971252,-0.07997297,-0.0969996452,0.0100067267,1.116845,272.630554,2.74147987
3/9/2023 4:26:31 PM,-208.700317,-0.0326367542,-0.433207244,2405.34058,-2229.38916,1315.109,31.3558216,177.592789,162.184586,1.50365019,0.6092279,1.95551825,4.92590427,301.699921,281.706177,-0.07997297,-0.0969996452,0.0100067267,1.116845,272.630554,2.74147987
3/9/2023 4:26:31 PM,-208.700317,-0.03239011,-0.432388932,2408.59351,-2231.20825,1314.786,30.4670162,177.430511,162.206635,1.5035758,0.609255433,1.955632,4.88758326,301.678253,281.8426,-0.07997297,-0.0969996452,0.0100067267,1.116845,272.630554,2.74147987
3/9/2023 4:26:31 PM,-208.700317,-0.0334155448,-0.432995737,2409.53125,-2229.58765,1314.742,31.1464825,178.12468,163.874481,1.50365424,0.6090939,1.9554081,5.03131437,301.722137,281.715149,-0.07997297,-0.0969996452,0.0100067267,1.116845,272.630554,2.74147987
3/9/2023 4:26:31 PM,-208.700317,-0.03179332,-0.43236503,2411.32227,-2228.77026,1314.57825,33.0660629,179.765152,166.475311,1.50346971,0.609468341,1.95578444,4.706375,301.693085,281.850464,-0.07997297,-0.0969996452,0.0100067267,1.116845,272.630554,2.74147987
3/9/2023 4:26:32 PM,-208.700317,-0.03233357,-0.433063775,2415.05347,-2232.55518,1315.05859,32.1249466,179.881912,166.920868,1.503746,0.6094086,1.95592141,4.80136156,301.7764,281.979767,-0.07997297,-0.0969996452,0.0100067267,1.116845,272.630554,2.74147987
3/9/2023 4:26:32 PM,-208.700317,-0.03213671,-0.432860851,2417.40649,-2239.25,1316.9823,27.6688976,180.309052,167.9325,1.50373113,0.6089882,1.95530713,5.117748,301.729248,281.6585,-0.07997297,-0.0969996452,0.0100067267,1.116845,272.630554,2.74147987
3/9/2023 4:26:32 PM,-208.700317,-0.03263493,-0.432816774,2419.7002,-2245.43848,1319.57385,29.9510937,181.487289,168.5284,1.50350344,0.6093396,1.95567775,4.85680246,301.7297,281.89,-0.07997297,-0.0969996452,0.0100067267,1.116845,272.630554,2.74147987
3/9/2023 4:26:32 PM,-208.700317,-0.03151164,-0.433030725,2421.7124,-2251.14014,1320.54578,26.0604668,181.5219,168.44754,1.50355256,0.6094295,1.95574772,4.79006243,301.72757,281.8737,-0.07997297,-0.0969996452,0.0100067267,1.116845,272.630554,2.74147987
3/9/2023 4:26:32 PM,-208.700317,-0.0330339037,-0.432986617,2422.334,-2251.468,1319.76843,26.6668148,181.7166,169.038422,1.50356579,0.6092216,1.95558989,4.96110153,301.701355,281.8564,-0.07997297,-0.0969996452,0.0100067267,1.116845,272.630554,2.74147987
3/9/2023 4:26:33 PM,-208.700317,-0.0337481052,-0.4336148,2426.639,-2232.81543,1316.31213,30.0489254,181.860962,169.238663,1.50367,0.609107256,1.95533013,5.062638,301.740234,281.657867,-0.07997297,-0.0969996452,0.0100067267,1.116845,272.630554,2.74147987
3/9/2023 4:26:33 PM,-208.700317,-0.033551313,-0.4329593,2.22641087,1.3136903,2.427231,300.331177,272.6845,345.86676,1.50366962,0.6094557,1.95589745,4.74867,301.727234,282.0036,-0.07997297,-0.0969996452,0.0100067267,1.116845,272.630554,2.74147987
3/9/2023 4:26:33 PM,-208.700317,-0.03216111,-0.43252337,2.22653246,1.314561,2.426972,299.918457,272.9408,345.648926,1.50353074,0.609277964,1.955568,4.9128685,301.668427,281.778,-0.07997297,-0.0969996452,0.0100067267,1.116845,272.630554,2.74147987
3/9/2023 4:26:33 PM,-208.700317,-0.03323461,-0.432420015,2.22779942,1.31514764,2.427276,298.23703,273.402039,345.196167,1.50372148,0.6091089,1.95558608,5.01277256,301.736481,281.807922,-0.07997297,-0.0969996452,0.0100067267,1.116845,272.630554,2.74147987
3/9/2023 4:26:33 PM,-208.700317,-0.0318393558,-0.4324773,2.22948766,1.31548727,2.42741466,298.260071,273.4921,345.0817,1.50368714,0.609162,1.9555285,4.92944336,301.7569,281.7017,-0.07997297,-0.0969996452,0.0100067267,1.116845,272.630554,2.74147987
3/9/2023 4:26:33 PM,-208.700333,-0.0327717364,-0.432781726,2.23055625,1.31630278,2.42741656,298.05426,273.667419,344.847321,1.503737,0.6091883,1.95553017,4.96170473,301.678925,281.726685,-0.07997297,-0.0969996452,0.0100067267,1.116845,272.630554,2.74147987
3/9/2023 4:26:33 PM,-208.700317,-0.0327296034,-0.432417959,2.23134518,1.3169986,2.4271965,298.03183,273.526917,344.931549,1.50347614,0.609339535,1.95568407,4.839592,301.647247,281.874451,-0.07997297,-0.0969996452,0.0100067267,1.116845,272.630554,2.74147987
3/9/2023 4:26:33 PM,-208.700317,-0.03343243,-0.4327162,2.2323947,1.31715333,2.42695165,298.431946,273.25708,345.218781,1.5036366,0.6092103,1.955578,4.92471838,301.725952,281.7313,-0.07997297,-0.0969996452,0.0100067267,1.116845,272.630554,2.74147987
3/9/2023 4:26:33 PM,-208.700317,-0.0316261053,-0.43299076,2.23358154,1.31681621,2.427055,298.909729,273.150665,345.4229,1.50360346,0.609178,1.95550144,4.96126747,301.711121,281.728638,-0.07997297,-0.0969996452,0.0100067267,1.116845,272.630554,2.74147987
3/9/2023 4:26:33 PM,-208.700317,-0.0329488,-0.432643652,2.23047566,1.3148396,2.42631483,300.6615,272.37384,346.6464,1.50363469,0.609213233,1.95553648,4.951611,301.7102,281.736145,-0.07997297,-0.0969996452,0.0100067267,1.116845,272.630554,2.74147987
3/9/2023 4:26:33 PM,-208.700317,-0.0301932339,-0.4330528,2.22615862,1.31278455,2.42522669,302.107635,272.285461,346.999237,1.50350952,0.609356642,1.95566213,4.83695841,301.6692,281.829132,-0.07997297,-0.0969996452,0.0100067267,1.116845,272.630554,2.74147987
3/9/2023 4:26:33 PM,-208.700333,-0.0326126367,-0.43248558,2.21557641,1.30979466,2.422806,303.8623,271.610046,348.246338,1.50353694,0.609599,1.95597613,4.646677,301.686829,281.964478,-0.07997297,-0.0969996452,0.0100067267,1.116845,272.630554,2.74147987
3/9/2023 4:26:33 PM,-208.700333,-0.0322766751,-0.4323757,2.20740223,1.30673254,2.42018437,306.854584,270.147583,349.8999,1.50359619,0.6092358,1.95549476,4.96912766,301.679565,281.765228,-0.07997297,-0.0969996452,0.0100067267,1.116845,272.630554,2.74147987
3/9/2023 4:26:34 PM,-208.700333,-0.0320676342,-0.432782054,2.18207526,1.29258823,2.41612577,319.9158,269.21994,352.302429,1.5037148,0.6090043,1.95529115,5.066272,301.772034,281.5536,-0.07997297,-0.0969996452,0.0100067267,1.116845,272.630554,2.74147987
3/9/2023 4:26:34 PM,-208.700333,-0.0312448852,-0.4333237,2.136903,1.25494492,2.4102788,331.9022,267.450378,354.860718,1.50352526,0.6092645,1.95562327,4.901489,301.660156,281.837341,-0.07997297,-0.0969996452,0.0100067267,1.116845,272.630554,2.74147987
3/9/2023 4:26:34 PM,-208.700333,-0.0319627821,-0.432498068,2.11255574,1.23797035,2.40532446,328.083252,267.7723,354.5337,1.5036962,0.609125,1.95546436,4.99595261,301.765228,281.68515,-0.07997297,-0.0969996452,0.0100067267,1.116845,272.630554,2.74147987
3/9/2023 4:26:34 PM,-208.700317,-0.0307368,-0.432811439,2.10406375,1.23965871,2.40293479,323.509277,268.3889,354.698669,1.50360751,0.6092313,1.95554817,4.95214272,301.697021,281.805359,-0.07997297,-0.0969996452,0.0100067267,1.116845,272.630554,2.74147987
3/9/2023 4:26:34 PM,-208.700333,-0.0331864879,-0.4330941,2.103763,1.24954891,2.40198374,318.842072,268.773163,357.513184,1.50356007,0.609269559,1.95554268,4.88834047,301.724274,281.756165,-0.07997297,-0.0969996452,0.0100067267,1.116845,272.630554,2.74147987
3/9/2023 4:26:34 PM,-208.700333,-0.0322687477,-0.433137178,2.0929234,1.2464596,2.393543,329.52652,262.233734,5.220967,1.50364089,0.609268665,1.95554674,4.93409824,301.72464,281.727966,-0.07997297,-0.0969996452,0.0100067267,1.116845,272.630554,2.74147987
3/9/2023 4:26:34 PM,-208.700317,-0.03261289,-0.432647616,2.08276153,1.23632073,2.38852882,327.4558,265.3816,4.131157,1.50350451,0.6093098,1.955611,4.867335,301.667542,281.812439,-0.07997297,-0.0969996452,0.0100067267,1.116845,272.630554,2.74147987
3/9/2023 4:26:34 PM,-208.700317,-0.033027038,-0.432296962,2.1004703,1.23803008,2.39198375,324.86,265.5299,3.44395018,1.50348723,0.6092587,1.95560026,4.86002064,301.640625,281.849457,-0.07997297,-0.0969996452,0.0100067267,1.116845,272.630554,2.74147987
3/9/2023 4:26:34 PM,-208.700333,-0.0330342762,-0.4322598,2.10473657,1.24318326,2.394123,326.824249,267.0799,0.7617983,1.50370586,0.609133959,1.955441,4.99056339,301.69165,281.717773,-0.07997297,-0.0969996452,0.0100067267,1.116845,272.630554,2.74147987
3/9/2023 4:26:34 PM,-208.700317,-0.0325084254,-0.432668328,2.09494662,1.23010826,2.39312315,333.993683,266.679443,1.16363442,1.50370932,0.609143853,1.95553064,5.022144,301.728271,281.806244,-0.07997297,-0.0969996452,0.0100067267,1.116845,272.630554,2.74147987
3/9/2023 4:26:35 PM,-208.700333,-0.0310533158,-0.433039963,2.08434653,1.21934319,2.39374375,330.965424,278.027283,354.578979,1.50361657,0.6094125,1.95583522,4.782456,301.708771,281.949982,-0.07997297,-0.0969996452,0.0100067267,1.116845,272.630554,2.74147987
3/9/2023 4:26:35 PM,-208.700333,-0.03314335,-0.4326724,2.089873,1.225347,2.39903641,334.676727,263.625916,1.80103576,1.50353694,0.6094734,1.95591867,4.724009,301.7007,281.9724,-0.07997297,-0.0969996452,0.0100067267,1.116845,272.630554,2.74147987
3/9/2023 4:26:35 PM,-208.700317,-0.03129761,-0.4335401,2.08353424,1.19598484,2.3969388,352.446625,269.4055,359.778931,1.50360107,0.6094988,1.95585835,4.748024,301.692047,281.913635,-0.07997297,-0.0969996452,0.0100067267,1.116845,272.630554,2.74147987
3/9/2023 4:26:35 PM,-208.700317,-0.0313825421,-0.4332594,2.07820249,1.16813493,2.400194,354.013641,271.081573,358.62735,1.50376868,0.6089853,1.95539272,5.111816,301.734283,281.739563,-0.07997297,-0.0969996452,0.0100067267,1.116845,272.630554,2.74147987
3/9/2023 4:26:35 PM,-208.700317,-0.03140884,-0.4333656,2.095015,1.137328,2.40091634,4.35216045,268.704773,357.82254,1.503689,0.609200954,1.95548451,4.962166,301.693939,281.709717,-0.07997297,-0.0969996452,0.0100067267,1.116845,272.630554,2.74147987
3/9/2023 4:26:35 PM,-208.700333,-0.0322029255,-0.432982,2.11831355,1.12700963,2.40001583,11.5613594,268.6184,357.1136,1.50366473,0.6091566,1.95559788,4.948502,301.6948,281.847839,-0.07997297,-0.0969996452,0.0100067267,1.116845,272.630554,2.74147987
3/9/2023 4:26:35 PM,-208.700333,-0.0331158079,-0.43317166,2.13256216,1.12281251,2.39789939,12.63234,268.14978,357.094482,1.50358677,0.609271646,1.95561528,4.879249,301.709564,281.819275,-0.07997297,-0.0969996452,0.0100067267,1.116845,272.630554,2.74147987
3/9/2023 4:26:35 PM,-208.700333,-0.03265186,-0.433656454,2.14504361,1.122386,2.39414644,13.59756,266.717346,357.1522,1.50378025,0.608973742,1.95540011,5.07439947,301.7535,281.6894,-0.07997297,-0.0969996452,0.0100067267,1.116845,272.630554,2.74147987
3/9/2023 4:26:35 PM,-208.700333,-0.0338589251,-0.432974041,2.15245748,1.12492549,2.390172,8.89621,264.3951,357.248383,1.50361061,0.60925895,1.95559144,4.917575,301.678345,281.820618,-0.07997297,-0.0969996452,0.0100067267,1.116845,272.630554,2.74147987
3/9/2023 4:26:35 PM,-208.700317,-0.03144501,-0.43286854,2.15950966,1.12192976,2.38049746,13.10168,260.3492,357.830353,1.50353539,0.6092747,1.95553851,4.909525,301.7135,281.777832,-0.07997297,-0.0969996452,0.0100067267,1.116845,272.630554,2.74147987
3/9/2023 4:26:36 PM,-208.700317,-0.0334830023,-0.433296174,2.16558933,1.11866868,2.37137318,13.4377222,259.402222,356.587067,1.50365174,0.6091397,1.95547092,5.007298,301.714264,281.7668,-0.07997297,-0.0969996452,0.0100067267,1.116845,272.630554,2.74147987
3/9/2023 4:26:36 PM,-208.700317,-0.0337814651,-0.432424366,2.16691637,1.11487329,2.366736,14.298522,259.004272,357.9585,1.50352454,0.609357834,1.955693,4.821215,301.675781,281.881531,-0.07997297,-0.0969996452,0.0100067267,1.116845,272.630554,2.74147987
3/9/2023 4:26:36 PM,-208.700317,-0.0328457728,-0.43268162,2.16749716,1.11161613,2.35796714,16.6329,254.68161,356.737,1.50360954,0.6093178,1.9555943,4.906493,301.6972,281.788025,-0.07997297,-0.0969996452,0.0100067267,1.116845,272.630554,2.74147987
3/9/2023 4:26:36 PM,-208.700317,-0.0304993726,-0.433339655,2.17181349,1.11185634,2.34914947,14.0887671,253.953384,356.1763,1.50353742,0.609438658,1.95585632,4.749746,301.6827,281.979126,-0.07997297,-0.0969996452,0.0100067267,1.116845,272.630554,2.74147987
3/9/2023 4:26:36 PM,-208.700317,-0.0338654034,-0.432737023,2.17439985,1.11948073,2.34047627,13.1084051,258.095337,2.49341822,1.50364137,0.6091899,1.95552218,4.98009253,301.694916,281.767639,-0.07997297,-0.0969996452,0.0100067267,1.116845,272.630554,2.74147987
3/9/2023 4:26:36 PM,-208.700317,-0.0332190134,-0.432370752,2.17849064,1.12195086,2.326676,12.1485147,259.935516,4.09357357,1.50369263,0.609183848,1.95551908,5.00557852,301.724579,281.788635,-0.07997297,-0.0969996452,0.0100067267,1.116845,272.630554,2.74147987
3/9/2023 4:26:36 PM,-208.700317,-0.03148379,-0.4327477,2.18517542,1.121524,2.30201626,11.2805471,258.862579,4.980403,1.50351322,0.6093118,1.95562327,4.869899,301.688171,281.7983,-0.07997297,-0.0969996452,0.0100067267,1.116845,272.630554,2.74147987
3/9/2023 4:26:36 PM,-208.700317,-0.03346572,-0.433244348,2.19385242,1.11396837,2.25329041,13.7198191,258.1302,4.63745451,1.50356579,0.6093169,1.95561373,4.8605814,301.694855,281.760376,-0.07997297,-0.0969996452,0.0100067267,1.116845,272.630554,2.74147987
3/9/2023 4:26:36 PM,-208.700317,-0.03231105,-0.433145225,2.19908285,1.10280323,2.22754812,16.2296124,260.1809,3.21501851,1.50355768,0.6092308,1.955536,4.931743,301.685181,281.792969,-0.07997297,-0.0969996452,0.0100067267,1.116845,272.630554,2.74147987
3/9/2023 4:26:36 PM,-208.700317,-0.0315824971,-0.43280524,2.200482,1.09379554,2.203335,14.5701,260.4937,0.5666454,1.50347543,0.609339356,1.95560348,4.854405,301.647522,281.7941,-0.07997297,-0.0969996452,0.0100067267,1.116845,272.630554,2.74147987
3/9/2023 4:26:37 PM,-208.700317,-0.03253387,-0.433097243,2.198243,1.09446228,2.18820643,12.5724783,261.0162,358.3581,1.50358546,0.609442949,1.95577157,4.78679657,301.687653,281.901276,-0.07997297,-0.0969996452,0.0100067267,1.116845,272.630554,2.74147987
3/9/2023 4:26:37 PM,-208.700333,-0.03196843,-0.432668537,2.19706869,1.09986031,2.17648935,10.7447891,260.1956,355.929779,1.50354958,0.609245,1.95557344,4.919525,301.736481,281.821716,-0.07997297,-0.0969996452,0.0100067267,1.116845,272.630554,2.74147987
3/9/2023 4:26:37 PM,-208.700317,-0.032016322,-0.432387531,2.19596362,1.10311007,2.17059,11.0170918,262.0437,356.7175,1.50362718,0.6093147,1.95567048,4.88753843,301.665375,281.8745,-0.07997297,-0.0969996452,0.0100067267,1.116845,272.630554,2.74147987
3/9/2023 4:26:37 PM,-208.700317,-0.03120724,-0.433435351,2.19235134,1.10264921,2.1684587,11.3333969,262.192474,357.116821,1.50365055,0.60943377,1.95585847,4.800597,301.72113,281.942657,-0.07997297,-0.0969996452,0.0100067267,1.116845,272.630554,2.74147987
3/9/2023 4:26:37 PM,-208.700317,-0.03137984,-0.4329306,2.19001031,1.10282063,2.16919112,11.2240152,262.662537,356.5518,1.50364661,0.609136641,1.95550263,4.96964073,301.7115,281.763062,-0.07997297,-0.0969996452,0.0100067267,1.116845,272.630554,2.74147987
3/9/2023 4:26:37 PM,-208.700317,-0.0326390639,-0.433044851,2.18635941,1.10658956,2.1780777,10.4051418,262.368164,355.011963,1.50368261,0.6091495,1.95549822,4.99343634,301.748932,281.748383,-0.07997297,-0.0969996452,0.0100067267,1.116845,272.630554,2.74147987
3/9/2023 4:26:37 PM,-208.700317,-0.03228295,-0.433209926,2.177304,1.115243,2.198298,9.279225,264.30954,354.81192,1.50343966,0.6093624,1.95565939,4.82183361,301.629,281.856018,-0.07997297,-0.0969996452,0.0100067267,1.116845,272.630554,2.74147987
3/9/2023 4:26:37 PM,-208.700317,-0.0332151726,-0.4320039,2.16666245,1.11831248,2.22921729,12.3254118,267.4708,357.1466,1.50368,0.6092285,1.95551181,4.99356127,301.725372,281.756,-0.07997297,-0.0969996452,0.0100067267,1.116845,272.630554,2.74147987
3/9/2023 4:26:37 PM,-208.700317,-0.0297201015,-0.4328754,2.14783049,1.11734223,2.27327967,15.0962238,267.816559,358.381348,1.50351655,0.609258,1.95552742,4.89864,301.702179,281.749176,-0.07997297,-0.0969996452,0.0100067267,1.116845,272.630554,2.74147987
3/9/2023 4:26:37 PM,-208.700317,-0.031045815,-0.433629364,2.13710356,1.11045575,2.30240941,19.4258862,268.106079,358.862061,1.50352776,0.6092832,1.955644,4.850769,301.692444,281.808533,-0.07997297,-0.0969996452,0.0100067267,1.116845,272.630554,2.74147987
3/9/2023 4:26:38 PM,-208.700333,-0.030935932,-0.433023185,2.13116431,1.09429884,2.331517,25.9394169,268.7292,358.1824,1.50350654,0.609255731,1.95555067,4.921352,301.6883,281.7775,-0.07997297,-0.0969996452,0.0100067267,1.116845,272.630554,2.74147987
3/9/2023 4:26:38 PM,-208.700333,-0.03284452,-0.432679266,2.12827873,1.07504153,2.35249877,27.8690147,266.934723,356.558655,1.50344586,0.6093116,1.95565426,4.805416,301.649048,281.832581,-0.07997297,-0.0969996452,0.0100067267,1.116845,272.630554,2.74147987
3/9/2023 4:26:38 PM,-208.700333,-0.0320043042,-0.432598978,2.103395,1.08360076,2.36733627,1.244597,268.8482,358.046478,1.50358963,0.6094004,1.95588207,4.768373,301.731842,282.023346,-0.07997297,-0.0969996452,0.0100067267,1.116845,272.630554,2.74147987
3/9/2023 4:26:38 PM,-208.700317,-0.03244912,-0.432948053,2.07544971,1.11305058,2.375835,348.2418,268.5186,356.637268,1.50357389,0.60927707,1.95561683,4.912836,301.696,281.809875,-0.07997297,-0.0969996452,0.0100067267,1.116845,272.630554,2.74147987
3/9/2023 4:26:38 PM,-208.700317,-0.03214343,-0.4326432,2.05458188,1.14266312,2.380953,335.644562,266.806519,357.581543,1.50340712,0.6093465,1.95562756,4.84178352,301.599579,281.8357,-0.07997297,-0.0969996452,0.0100067267,1.116845,272.630554,2.74147987
3/9/2023 4:26:38 PM,-208.700333,-0.0334551148,-0.43247506,2.04417467,1.16623855,2.38629532,334.144379,268.605042,359.525879,1.503593,0.609308243,1.9556886,4.862571,301.683624,281.89035,-0.07997297,-0.0969996452,0.0100067267,1.116845,272.630554,2.74147987
3/9/2023 4:26:38 PM,-208.700317,-0.0327055529,-0.4329243,2.03798079,1.18542922,2.39049888,339.321045,268.284851,359.156372,1.50361323,0.609511435,1.95594442,4.66949,301.758057,281.9244,-0.07997297,-0.0969996452,0.0100067267,1.116845,272.630554,2.74147987
3/9/2023 4:26:38 PM,-208.700317,-0.0334468633,-0.4326607,2.03682017,1.18309438,2.395366,343.8787,270.756073,357.892517,1.50362492,0.6092346,1.95556521,4.924312,301.712524,281.793762,-0.07997297,-0.0969996452,0.0100067267,1.116845,272.630554,2.74147987
3/9/2023 4:26:38 PM,-208.700317,-0.03231869,-0.433693171,2.03284431,1.17734516,2.39554024,345.4281,270.385559,357.267578,1.50360906,0.6092506,1.95560539,4.92802572,301.691772,281.852478,-0.07997297,-0.0969996452,0.0100067267,1.116845,272.630554,2.74147987
3/9/2023 4:26:38 PM,-208.700317,-0.03191271,-0.433135748,2.0263238,1.170203,2.39456749,345.168427,270.737457,358.108124,1.503468,0.609410167,1.95561993,4.77538967,301.6455,281.779541,-0.07997297,-0.0969996452,0.0100067267,1.116845,272.630554,2.74147987
3/9/2023 4:26:39 PM,-208.700317,-0.0307021979,-0.4333091,2.02577138,1.16590428,2.392948,356.2668,270.340851,357.714539,1.5036391,0.6092683,1.95553207,4.920559,301.757233,281.714,-0.07997297,-0.0969996452,0.0100067267,1.116845,272.630554,2.74147987
3/9/2023 4:26:39 PM,-208.700317,-0.0321951658,-0.432673544,2.02673173,1.14064384,2.39181066,11.91382,269.120972,358.2721,1.50341582,0.609399,1.95561981,4.82463741,301.633575,281.789,-0.07997297,-0.0969996452,0.0100067267,1.116845,272.630554,2.74147987
3/9/2023 4:26:39 PM,-208.700317,-0.0329893939,-0.432686448,2.030228,1.10318971,2.38572216,22.119091,268.775757,357.822632,1.50361311,0.6093511,1.95570147,4.87445736,301.704865,281.887238,-0.07997297,-0.0969996452,0.0100067267,1.116845,272.630554,2.74147987
3/9/2023 4:26:39 PM,-208.700317,-0.0321740955,-0.433499426,2.04637957,1.0735451,2.37850976,27.2434368,266.638763,356.7383,1.50355625,0.6094453,1.95581841,4.755683,301.6915,281.907074,-0.07997297,-0.0969996452,0.0100067267,1.116845,272.630554,2.74147987
3/9/2023 4:26:39 PM,-208.700333,-0.0313328877,-0.43360436,2.059959,1.06914651,2.37523627,26.2407188,263.992462,355.7117,1.5035485,0.609293044,1.95556974,4.889405,301.676,281.7733,-0.07997297,-0.0969996452,0.0100067267,1.116845,272.630554,2.74147987
3/9/2023 4:26:39 PM,-208.700317,-0.0319757722,-0.433187872,2.07176971,1.06852734,2.36913157,23.3912449,263.0855,357.679657,1.503669,0.609221458,1.95568144,4.917359,301.691,281.8501,-0.07997297,-0.0969996452,0.0100067267,1.116845,272.630554,2.74147987
3/9/2023 4:26:39 PM,-208.700317,-0.0321405381,-0.432890683,2.0748322,1.079582,2.364525,17.6708012,265.2873,358.480255,1.50347924,0.6093264,1.95565927,4.821722,301.678,281.860168,-0.07997297,-0.0969996452,0.0100067267,1.116845,272.630554,2.74147987
3/9/2023 4:26:39 PM,-208.700317,-0.03252752,-0.433435559,2.07070184,1.094983,2.36140418,15.1046677,267.12146,358.349426,1.50348508,0.609299541,1.955533,4.8651123,301.6675,281.743225,-0.07997297,-0.0969996452,0.0100067267,1.116845,272.630554,2.74147987
3/9/2023 4:26:39 PM,-208.700333,-0.0316908956,-0.4319785,2.07993364,1.10534227,2.36274934,12.55948,268.375061,0.1675696,1.5036273,0.609228849,1.95557773,4.9243927,301.711853,281.7907,-0.07997297,-0.0969996452,0.0100067267,1.116845,272.630554,2.74147987
3/9/2023 4:26:39 PM,-208.700333,-0.03141448,-0.4329941,2.08995867,1.107798,2.36285353,12.0567,269.1747,0.182110742,1.50365674,0.6092012,1.95563221,4.946951,301.7033,281.828583,-0.07997297,-0.0969996452,0.0100067267,1.116845,272.630554,2.74147987
3/9/2023 4:26:40 PM,-208.700333,-0.0339864269,-0.432879776,2.105926,1.11222279,2.36566639,12.77732,270.864166,0.3622603,1.50360823,0.6092267,1.95559549,4.94002676,301.683655,281.778564,-0.07997297,-0.0969996452,0.0100067267,1.116845,272.630554,2.74147987
3/9/2023 4:26:40 PM,-208.700317,-0.0319163352,-0.4331852,2.11536431,1.10916042,2.36956215,14.1111755,270.801849,1.9229852,1.50349939,0.6093009,1.95559883,4.84184551,301.698273,281.7676,-0.07997297,-0.0969996452,0.0100067267,1.116845,272.630554,2.74147987
3/9/2023 4:26:40 PM,-208.700317,-0.0319129378,-0.43381694,2.12141681,1.10374761,2.37041879,16.83171,271.3527,2.19854236,1.50350475,0.60929817,1.95565164,4.851864,301.645935,281.857025,-0.07997297,-0.0969996452,0.0100067267,1.116845,272.630554,2.74147987
3/9/2023 4:26:40 PM,-208.700317,-0.0313054062,-0.433705956,2.12046218,1.09753418,2.36761546,17.25698,270.562927,1.78590453,1.50361407,0.609058738,1.955432,4.99402237,301.6751,281.759766,-0.07997297,-0.0969996452,0.0100067267,1.116845,272.630554,2.74147987
3/9/2023 4:26:40 PM,-208.700333,-0.0323936678,-0.432672352,2.11377072,1.095065,2.363071,14.1318293,268.461517,0.638433039,1.50358677,0.6093268,1.9556421,4.867666,301.708374,281.786133,-0.07997297,-0.0969996452,0.0100067267,1.116845,272.630554,2.74147987
3/9/2023 4:26:40 PM,-208.700317,-0.0329717919,-0.43317,2.11045,1.09528482,2.36531115,15.8963575,271.341064,0.2996854,1.50365293,0.6091757,1.95554411,4.96332455,301.696716,281.804932,-0.07997297,-0.0969996452,0.0100067267,1.116845,272.630554,2.74147987
3/9/2023 4:26:40 PM,-208.700333,-0.03104907,-0.43238163,2.10863233,1.09745562,2.37247586,14.3886547,273.9464,1.42925382,1.50345063,0.609319448,1.95555782,4.86478329,301.663177,281.8257,-0.07997297,-0.0969996452,0.0100067267,1.116845,272.630554,2.74147987
3/9/2023 4:26:40 PM,-208.700317,-0.03252013,-0.4328376,2.11252832,1.09105778,2.37880278,21.82152,273.153748,3.67231274,1.5035609,0.609280348,1.9556061,4.8998847,301.676422,281.823334,-0.07997297,-0.0969996452,0.0100067267,1.116845,272.630554,2.74147987
3/9/2023 4:26:40 PM,-208.700317,-0.03410925,-0.433130771,2.12144446,1.08068717,2.374135,25.2201748,263.454681,358.528564,1.503604,0.6093739,1.95583987,4.756394,301.7052,281.921661,-0.07997297,-0.0969996452,0.0100067267,1.116845,272.630554,2.74147987
3/9/2023 4:26:40 PM,-208.700317,-0.0330960862,-0.4329349,2.12408185,1.074559,2.3596046,23.272974,263.506653,358.769257,1.50361741,0.609446049,1.95586014,4.70883036,301.683746,281.922424,-0.07997297,-0.0969996452,0.0100067267,1.116845,272.630554,2.74147987
3/9/2023 4:26:41 PM,-208.700317,-0.0317702964,-0.4335853,2.12052226,1.07642961,2.35979652,18.62256,271.5944,358.3534,1.503459,0.6097107,1.95597136,4.593149,301.722,281.96405,-0.07997297,-0.0969996452,0.0100067267,1.116845,272.630554,2.74147987
3/9/2023 4:26:41 PM,-208.700317,-0.0311817732,-0.4332183,2.115531,1.07998347,2.37775,20.20292,273.4726,359.1352,1.50367,0.609115541,1.955422,5.03585672,301.746918,281.7148,-0.07997297,-0.0969996452,0.0100067267,1.116845,272.630554,2.74147987
3/9/2023 4:26:41 PM,-208.700317,-0.03214852,-0.432878882,2.11247039,1.08611977,2.376658,17.1022568,270.795044,357.610352,1.50354362,0.6093631,1.95567,4.84344435,301.677673,281.822937,-0.07997297,-0.0969996452,0.0100067267,1.116845,272.630554,2.74147987
3/9/2023 4:26:41 PM,-208.700317,-0.0333254561,-0.4335909,2.11212158,1.089756,2.36631,17.2966824,267.4524,358.2433,1.5036155,0.6092209,1.955509,4.970538,301.700043,281.737244,-0.07997297,-0.0969996452,0.0100067267,1.116845,272.630554,2.74147987
3/9/2023 4:26:41 PM,-208.700317,-0.0338464677,-0.433300734,2.11252236,1.09242117,2.35645938,17.3153858,264.974121,357.0622,1.503526,0.609230042,1.95552981,4.92092562,301.661,281.818237,-0.07997297,-0.0969996452,0.0100067267,1.116845,272.630554,2.74147987
3/9/2023 4:26:41 PM,-208.700317,-0.0313180536,-0.432695538,2.11619663,1.093939,2.349164,16.2172642,263.521545,356.15564,1.50353122,0.6093107,1.95566332,4.874994,301.625122,281.881531,-0.07997297,-0.0969996452,0.0100067267,1.116845,272.630554,2.74147987
3/9/2023 4:26:41 PM,-208.700317,-0.03211662,-0.433008045,2.118966,1.09450758,2.34712052,17.848217,264.199371,356.521637,1.50361848,0.6091426,1.95550275,4.993097,301.7141,281.810944,-0.07997297,-0.0969996452,0.0100067267,1.116845,272.630554,2.74147987
3/9/2023 4:26:41 PM,-208.700317,-0.0335412,-0.432465553,2.120091,1.08859432,2.35386276,19.3925686,268.505035,358.983246,1.50361884,0.609211147,1.955539,4.964042,301.6804,281.800049,-0.07997297,-0.0969996452,0.0100067267,1.116845,272.630554,2.74147987
3/9/2023 4:26:41 PM,-208.700317,-0.0349555761,-0.432674944,2.109923,1.09591794,2.361138,7.026427,268.225037,356.144257,1.50361228,0.609156966,1.95540977,4.98482,301.725647,281.677856,-0.07997297,-0.0969996452,0.0100067267,1.116845,272.630554,2.74147987
3/9/2023 4:26:41 PM,-208.700317,-0.0307108667,-0.432670236,2.08741879,1.11937046,2.36684823,355.524231,269.631775,357.7757,1.5034703,0.609517336,1.95585775,4.704071,301.716736,281.8994,-0.07997297,-0.0969996452,0.0100067267,1.116845,272.630554,2.74147987
3/9/2023 4:26:42 PM,-208.700317,-0.0319239274,-0.432409257,2.067488,1.14767575,2.37017751,342.382782,271.141724,359.5808,1.50347424,0.609474063,1.955816,4.735646,301.667542,281.9206,-0.07997297,-0.0969996452,0.0100067267,1.116845,272.630554,2.74147987
3/9/2023 4:26:42 PM,-208.700317,-0.03216147,-0.432786345,2.05535173,1.17230868,2.373404,336.807526,272.693024,357.197266,1.50354457,0.6093072,1.95557761,4.86534166,301.636719,281.775543,-0.07997297,-0.0969996452,0.0100067267,1.116845,272.630554,2.74147987
3/9/2023 4:26:42 PM,-208.700317,-0.03487495,-0.433216125,2.0513556,1.17929482,2.380177,343.619751,273.7168,359.692841,1.50366652,0.609191954,1.955539,4.962764,301.728668,281.79187,-0.07997297,-0.0969996452,0.0100067267,1.116845,272.630554,2.74147987
3/9/2023 4:26:42 PM,-208.700333,-0.0347519368,-0.432480663,2.05416274,1.18158817,2.382111,341.6666,272.19458,358.417664,1.50359178,0.609263241,1.95559037,4.918677,301.7017,281.7771,-0.07997297,-0.0969996452,0.0100067267,1.116845,272.630554,2.74147987
3/9/2023 4:26:42 PM,-208.7003,-0.0333667733,-0.433106929,2.045237,1.18016148,2.381462,343.183075,270.826324,358.175842,1.50353348,0.6093032,1.95559251,4.923966,301.6982,281.824524,-0.07997297,-0.0969996452,0.0100067267,1.116845,272.630554,2.74147987
3/9/2023 4:26:42 PM,-208.700317,-0.0329156,-0.432808965,2.03757238,1.18057013,2.38279057,341.741516,271.268921,358.711823,1.50347435,0.6093866,1.95573139,4.81018448,301.679626,281.9162,-0.07997297,-0.0969996452,0.0100067267,1.116845,272.630554,2.74147987
3/9/2023 4:26:42 PM,-208.700317,-0.03367399,-0.433490664,2.03069448,1.17998588,2.38086128,342.048737,269.492767,357.386078,1.50366533,0.609434366,1.95586419,4.783232,301.705658,281.972351,-0.07997297,-0.0969996452,0.0100067267,1.116845,272.630554,2.74147987
3/9/2023 4:26:42 PM,-208.700317,-0.03228984,-0.433203757,2.02777481,1.18730617,2.38093734,340.330261,269.916565,356.476379,1.50353265,0.6092587,1.95562565,4.881326,301.676849,281.865723,-0.07997297,-0.0969996452,0.0100067267,1.116845,272.630554,2.74147987
3/9/2023 4:26:42 PM,-208.700317,-0.0332176536,-0.433357149,2.02173471,1.19235945,2.385577,341.885651,268.782684,354.603333,1.50360727,0.609386742,1.95583439,4.77946568,301.7114,281.939484,-0.07997297,-0.0969996452,0.0100067267,1.116845,272.630554,2.74147987
3/9/2023 4:26:42 PM,-208.700317,-0.03271385,-0.432894468,2.01883221,1.19809616,2.384845,340.111084,264.146454,352.782227,1.50354874,0.609487,1.95588672,4.74823427,301.6987,281.9497,-0.07997297,-0.0969996452,0.0100067267,1.116845,272.630554,2.74147987
3/9/2023 4:26:43 PM,-208.700317,-0.03204318,-0.4327384,2.01618552,1.20874453,2.37357688,337.577637,258.254242,351.157318,1.50343847,0.609599948,1.95597863,4.60515547,301.706543,281.951477,-0.07997297,-0.0969996452,0.0100067267,1.116845,272.630554,2.74147987
3/9/2023 4:26:43 PM,-208.700317,-0.0333101451,-0.433771878,2.01537752,1.216312,2.35856318,337.731567,254.463562,351.604279,1.503619,0.6094564,1.95598066,4.71855,301.7352,282.016022,-0.07997297,-0.0969996452,0.0100067267,1.116845,272.630554,2.74147987
3/9/2023 4:26:43 PM,-208.700317,-0.03188031,-0.4330662,2.016294,1.21699119,2.34994316,337.904,252.889359,350.886,1.50360215,0.6092364,1.95556784,4.928352,301.677429,281.765625,-0.07997297,-0.0969996452,0.0100067267,1.116845,272.630554,2.74147987
3/9/2023 4:26:43 PM,-208.700317,-0.0323289968,-0.432700634,2.022318,1.2143687,2.3470602,338.284454,252.417816,351.124756,1.50354481,0.609219253,1.95553863,4.938167,301.683746,281.763153,-0.07997297,-0.0969996452,0.0100067267,1.116845,272.630554,2.74147987
3/9/2023 4:26:43 PM,-208.700333,-0.03251201,-0.431997269,2.02985954,1.21209049,2.34603047,339.2849,250.934235,350.9744,1.50362659,0.609333336,1.95575726,4.824526,301.704926,281.889832,-0.07997297,-0.0969996452,0.0100067267,1.116845,272.630554,2.74147987
3/9/2023 4:26:43 PM,-208.700317,-0.0340745673,-0.432601273,2.03678775,1.21309209,2.34245038,338.0155,248.727844,350.747253,1.50359583,0.609263957,1.95556831,4.92091846,301.658325,281.771423,-0.07997297,-0.0969996452,0.0100067267,1.116845,272.630554,2.74147987
3/9/2023 4:26:43 PM,-208.700317,-0.03385138,-0.432535529,2.04452658,1.21660924,2.33864164,337.0048,247.346436,350.9797,1.50361133,0.609166861,1.95548773,4.99908,301.674347,281.770569,-0.07997297,-0.0969996452,0.0100067267,1.116845,272.630554,2.74147987
3/9/2023 4:26:43 PM,-208.700317,-0.03204305,-0.432700127,2.04778552,1.2209568,2.335208,335.776917,246.525192,351.090454,1.50367427,0.609230459,1.95560431,4.982259,301.7149,281.8607,-0.07997297,-0.0969996452,0.0100067267,1.116845,272.630554,2.74147987
3/9/2023 4:26:43 PM,-208.700317,-0.0334724523,-0.4322271,2.0457294,1.2255851,2.33081746,334.965363,246.444031,350.38678,1.50373793,0.6091752,1.95555389,4.97294,301.740845,281.742554,-0.07997297,-0.0969996452,0.0100067267,1.116845,272.630554,2.74147987
3/9/2023 4:26:43 PM,-208.700317,-0.03371051,-0.4328731,2.040199,1.22735739,2.32777739,334.698,246.789459,349.785461,1.50354981,0.6093049,1.95554435,4.896661,301.686279,281.733765,-0.07997297,-0.0969996452,0.0100067267,1.116845,272.630554,2.74147987
3/9/2023 4:26:44 PM,-208.700317,-0.0336194336,-0.432988822,2.03366637,1.22885919,2.32436442,333.4554,247.014435,349.5314,1.50353074,0.6093533,1.95565927,4.871854,301.692352,281.831268,-0.07997297,-0.0969996452,0.0100067267,1.116845,272.630554,2.74147987
3/9/2023 4:26:44 PM,-208.700317,-0.0338155255,-0.433023185,2.02882624,1.2337153,2.32245684,332.014618,247.53717,349.6646,1.50362241,0.6092236,1.95557094,4.91954756,301.6737,281.7815,-0.07997297,-0.0969996452,0.0100067267,1.116845,272.630554,2.74147987
3/9/2023 4:26:44 PM,-208.700317,-0.0342133045,-0.43279916,2.019725,1.2375176,2.32430649,331.078217,249.150162,349.914337,1.503485,0.6092729,1.95556891,4.87989473,301.580017,281.824249,-0.07997297,-0.0969996452,0.0100067267,1.116845,272.630554,2.74147987
3/9/2023 4:26:44 PM,-208.700317,-0.0346336551,-0.432804316,2.00370646,1.23899913,2.32894015,331.135742,251.231812,349.276337,1.503588,0.609298,1.95561337,4.904099,301.722931,281.810333,-0.07997297,-0.0969996452,0.0100067267,1.116845,272.630554,2.74147987
3/9/2023 4:26:44 PM,-208.700317,-0.0336792357,-0.4328447,1.9859153,1.237949,2.34083772,331.621643,256.62616,349.215179,1.50385034,0.609123051,1.95558214,5.06849241,301.7798,281.825836,-0.07997297,-0.0969996452,0.0100067267,1.116845,272.630554,2.74147987
3/9/2023 4:26:44 PM,-208.700317,-0.0318356566,-0.4330096,1.97448337,1.23682165,2.354008,332.466949,257.922729,348.7212,1.50235891,0.6176708,1.96361434,1.90740609,301.9369,291.262817,1.54484379,0.7382935,1.83915186,5.14056158,225.220566,275.310333
3/9/2023 4:26:44 PM,-208.700317,-0.0340481922,-0.432995647,1.966534,1.23540163,2.35873866,332.580566,256.1173,348.23642,1.50235891,0.6176708,1.96361434,1.90740609,301.9369,291.262817,1.54484379,0.7382935,1.83915186,5.14056158,225.220566,275.310333
3/9/2023 4:26:44 PM,-208.7003,-0.03456309,-0.432989269,1.9638772,1.23453987,2.36115265,332.6836,257.066528,347.787323,1.57486546,0.824524,2.10637021,335.45816,308.499237,348.735718,1.6279093,0.7357428,2.08499932,0.136778086,37.6258621,272.790649
3/9/2023 4:26:44 PM,-208.700317,-0.03324181,-0.432849735,1.96776426,1.2344954,2.36653876,332.828033,257.9085,348.465637,1.61033058,0.901508868,2.13800764,316.6786,303.281677,14.3208818,1.6333065,0.7352373,2.08520842,1.37383115,39.2267036,271.589447
3/9/2023 4:26:44 PM,-208.700317,-0.0317855552,-0.4323774,1.97494721,1.23659146,2.37280583,332.624756,258.673523,348.629578,1.63594925,0.8975929,2.18762422,317.856873,323.103455,343.874023,1.63360262,0.7352574,2.08519959,1.36544645,39.31905,271.574951
3/9/2023 4:26:45 PM,-208.700317,-0.034280993,-0.430862576,1.989989,1.24281383,2.38711572,331.020569,260.867126,348.757538,1.62665594,0.812333,2.20569682,354.167877,330.103333,280.294739,1.70299888,0.799772143,2.242378,347.2811,355.07782,55.2286644
3/9/2023 4:26:45 PM,-208.7003,-0.0333792046,-0.433457166,2.003213,1.249945,2.40411687,330.07785,263.2602,351.686157,1.70088255,0.7736501,2.26360369,4.023169,340.5207,282.899,1.70299888,0.799772143,2.242378,347.2811,355.07782,55.2286644
3/9/2023 4:26:45 PM,-208.700317,-0.0337373242,-0.433066815,2.01540852,1.25826156,2.42022061,331.020874,264.4056,353.22,1.7807467,0.759359241,2.31535387,348.759552,344.0328,301.779358,1.70299888,0.799772143,2.242378,347.2811,355.07782,55.2286644
3/9/2023 4:26:45 PM,-208.700317,-0.0320088156,-0.4329297,2.02693534,1.25996768,2.43147159,331.571136,264.761475,355.492,1.79220879,0.7508983,2.312269,347.368744,342.208679,302.945648,1.63074791,0.7349865,2.085512,1.16849411,38.2483063,272.038452
3/9/2023 4:26:45 PM,-208.700317,-0.03392065,-0.432486475,2.0393827,1.2550602,2.43230247,331.877045,262.2831,357.476624,1.79220879,0.7508983,2.312269,347.368744,342.208679,302.945648,1.63321543,0.7351354,2.08521175,1.55431139,38.9062271,271.327026
3/9/2023 4:26:45 PM,-208.700317,-0.0337397046,-0.432927579,2.038246,1.24520218,2.4208796,334.7497,260.31012,359.043274,1.79220879,0.7508983,2.312269,347.368744,342.208679,302.945648,1.63291585,0.7352218,2.085287,1.1964134,39.12906,271.818359
3/9/2023 4:26:45 PM,-208.700317,-0.0332358778,-0.4330477,2.02213764,1.23043954,2.403943,338.588074,259.262329,0.0359152146,1.79220879,0.7508983,2.312269,347.368744,342.208679,302.945648,1.63326287,0.7350447,2.08535743,1.31400275,39.2477226,271.8199
3/9/2023 4:26:45 PM,-208.700317,-0.03327059,-0.432870626,1.98126578,1.20361316,2.36410213,339.33252,253.198257,0.766533,1.83632362,0.872251749,2.16494274,301.610168,292.7932,359.6324,1.63347769,0.7351869,2.08522844,1.66122377,39.00701,271.1828
3/9/2023 4:26:45 PM,-208.700317,-0.0332756341,-0.432773948,1.940883,1.18458915,2.29825187,339.0846,240.870667,359.034851,1.83135283,0.8696229,2.16049314,302.0073,311.180328,341.71228,1.63412309,0.734851539,2.08529162,1.67261112,39.1449547,271.3115
3/9/2023 4:26:45 PM,-208.700317,-0.0338530838,-0.432888627,1.92974925,1.19188237,2.2094686,338.130981,225.291245,355.5172,1.81781626,0.8726864,2.148309,302.52478,309.413544,339.474762,1.635088,0.734319746,2.08575869,2.06176877,39.9299469,271.3988
3/9/2023 4:26:46 PM,-208.700317,-0.0334667,-0.4330398,1.951144,1.23074675,2.13815475,335.565948,209.943649,352.234863,1.8156631,0.8805943,2.15182877,305.868652,309.995667,331.570374,1.63507473,0.7342364,2.0858016,1.94914663,39.7186852,271.500122
3/9/2023 4:26:46 PM,-208.700333,-0.0334364548,-0.432569534,2.00211072,1.31316042,2.08296633,335.148254,195.647675,347.540253,1.86592519,0.9033059,2.19185853,313.232361,311.551575,334.1921,1.6334523,0.7349661,2.08539486,1.52657247,38.84411,271.415955
3/9/2023 4:26:46 PM,-208.700317,-0.03265259,-0.433543,2.058311,1.40946293,2.05437446,335.188019,182.8044,348.5105,1.90344918,0.904905856,2.21298051,319.855,308.337463,342.802429,1.63214064,0.735505462,2.08502579,1.22111511,38.42319,271.424
3/9/2023 4:26:46 PM,-208.700317,-0.0322456732,-0.43211627,2.12190676,1.505471,2.04148436,335.7538,175.600723,349.263336,2.01444221,0.8687133,2.18121576,0.166760162,271.869873,11.61526,1.63311231,0.7349558,2.085381,1.64483821,38.73852,271.284
3/9/2023 4:26:46 PM,-208.700317,-0.034198083,-0.432223469,2.19481,1.58819008,2.040427,335.1955,166.247177,352.093,2.08234644,0.9216205,2.187274,359.992981,269.663727,11.8422184,1.63311231,0.7349558,2.085381,1.64483821,38.73852,271.284
3/9/2023 4:26:46 PM,-208.7003,-0.03416476,-0.433119148,2.276282,1.64633751,2.04580927,333.026917,155.996033,356.22,2.141753,0.994810045,2.19140077,351.457855,270.388672,1.1874845,1.6315695,0.73491323,2.08558416,1.00356328,38.71682,272.3542
3/9/2023 4:26:46 PM,-208.700317,-0.0333560146,-0.432205617,2.39252472,1.69929361,2.05528879,333.442474,148.416153,359.242218,2.22106171,1.07429421,2.19809365,338.82132,277.862122,347.962158,1.63181973,0.7348386,2.08555937,1.19595563,38.8297844,272.147461
3/9/2023 4:26:46 PM,-208.700317,-0.03348583,-0.4323124,2.48167229,1.72473788,2.06186652,334.249146,141.7987,1.05619335,2.2927978,1.1289289,2.15386176,333.667664,269.268,338.809967,1.6325717,0.73530066,2.0852344,1.31318128,39.0810356,271.698242
3/9/2023 4:26:46 PM,-208.700317,-0.0336871967,-0.4327477,2.58932877,1.72832811,2.06873417,336.639923,137.768646,1.44032419,2.389438,1.159013,2.09238625,330.9556,268.3299,328.488617,1.63279724,0.735295534,2.085233,1.29915869,39.1738319,271.707031
3/9/2023 4:26:46 PM,-208.700317,-0.0348453335,-0.432763457,2.70108247,1.71092439,2.0654633,338.099152,136.12941,0.4978374,2.389438,1.159013,2.09238625,330.9556,268.3299,328.488617,1.63368165,0.73507,2.0853107,1.40844488,39.45218,271.697784
3/9/2023 4:26:47 PM,-208.700317,-0.0330429338,-0.432599932,2.70108247,1.71092439,2.0654633,332.5034,136.410019,358.478729,2.389438,1.159013,2.09238625,330.9556,268.3299,328.488617,1.633195,0.735243559,2.085211,1.23651218,39.25822,271.772461
3/9/2023 4:26:47 PM,-208.700317,-0.034055233,-0.43231374,2.70108247,1.71092439,2.0654633,340.831543,136.847244,356.633667,2.389438,1.159013,2.09238625,330.9556,268.3299,328.488617,1.63340461,0.7353029,2.08516455,1.53740573,39.0366,271.270264
3/9/2023 4:26:47 PM,-208.700317,-0.03319887,-0.432986379,2.70108247,1.71092439,2.0654633,351.658661,134.28212,352.7484,2.389438,1.159013,2.09238625,330.9556,268.3299,328.488617,1.6332612,0.7352705,2.08520174,1.55261171,38.9778328,271.280762
3/9/2023 4:26:47 PM,-208.700317,-0.03278755,-0.4327774,2.70108247,1.71092439,2.0654633,4.84332371,134.828445,351.7236,2.389438,1.159013,2.09238625,330.9556,268.3299,328.488617,1.63268077,0.735306561,2.085219,1.26373184,38.9933319,271.683777
3/9/2023 4:26:47 PM,-208.700317,-0.03249973,-0.432942927,2.70108247,1.71092439,2.0654633,9.169901,137.200272,352.5111,2.389438,1.159013,2.09238625,330.9556,268.3299,328.488617,1.63342476,0.7351967,2.085312,1.49027455,39.1421661,271.4771
3/9/2023 4:26:47 PM,-208.700317,-0.0328415036,-0.432803661,2.70108247,1.71092439,2.0654633,4.10312462,137.672668,352.887848,2.389438,1.159013,2.09238625,330.9556,268.3299,328.488617,1.63292432,0.735201836,2.085289,1.18307972,39.1434441,271.868561
3/9/2023 4:26:47 PM,-208.700317,-0.0319805,-0.431836933,2.70108247,1.71092439,2.0654633,356.869141,144.795227,348.116638,2.389438,1.159013,2.09238625,330.9556,268.3299,328.488617,1.6328764,0.735229,2.08530879,1.25494266,39.0554237,271.7541
3/9/2023 4:26:47 PM,-208.700317,-0.03267715,-0.432900846,2.70108247,1.71092439,2.0654633,357.048157,154.288467,352.569641,2.389438,1.159013,2.09238625,330.9556,268.3299,328.488617,1.63193524,0.7351912,2.085421,1.09842658,38.9975243,272.10556
3/9/2023 4:26:47 PM,-208.7003,-0.03325407,-0.433275521,2.70108247,1.71092439,2.0654633,358.427948,166.481537,356.398865,2.389438,1.159013,2.09238625,330.9556,268.3299,328.488617,1.63136542,0.7355915,2.08509541,1.38170874,38.067234,271.232544
3/9/2023 4:26:47 PM,-208.700317,-0.0329375938,-0.432887644,2.70108247,1.71092439,2.0654633,0.32718423,175.195938,359.9452,2.389438,1.159013,2.09238625,330.9556,268.3299,328.488617,1.633781,0.735159934,2.08518434,1.51200879,39.09036,271.3526
3/9/2023 4:26:48 PM,-208.700317,-0.0323763266,-0.43256703,2.70108247,1.71092439,2.0654633,8.14944,182.907562,1.84327126,2.389438,1.159013,2.09238625,330.9556,268.3299,328.488617,1.63295889,0.735147953,2.08526349,1.412534,38.9798241,271.53653
3/9/2023 4:26:48 PM,-208.700317,-0.03421797,-0.433040857,3.27729416,1.60721087,1.1850884,12.9984865,195.316208,4.284643,2.389438,1.159013,2.09238625,330.9556,268.3299,328.488617,1.63270867,0.735391557,2.085223,1.24769413,38.99044,271.6482
3/9/2023 4:26:48 PM,-208.700317,-0.03275463,-0.431877464,3.2379,1.58104157,1.09584415,26.4769211,207.685547,1.41776049,2.389438,1.159013,2.09238625,330.9556,268.3299,328.488617,1.63288927,0.7351979,2.08533859,1.42334616,39.1068573,271.599976
3/9/2023 4:26:48 PM,-208.700317,-0.0316320881,-0.433453977,3.20520878,1.56664658,1.02281153,24.6301537,215.28624,355.9301,2.389438,1.159013,2.09238625,330.9556,268.3299,328.488617,1.633833,0.7349929,2.08522224,1.537544,39.2227631,271.4557
3/9/2023 4:26:48 PM,-208.700317,-0.0340434238,-0.432651639,3.14774275,1.574779,0.954797566,22.5498447,227.36145,355.6527,2.389438,1.159013,2.09238625,330.9556,268.3299,328.488617,1.63219762,0.7354362,2.0852015,1.12466466,38.89075,271.790833
3/9/2023 4:26:48 PM,-208.700317,-0.0332898833,-0.433190674,3.07766128,1.58054757,0.9000196,19.74081,236.412567,354.900726,2.389438,1.159013,2.09238625,330.9556,268.3299,328.488617,1.63349414,0.7351402,2.08518553,1.4492048,39.0364761,271.4575
3/9/2023 4:26:48 PM,-208.700317,-0.0334656164,-0.43223238,3.00648785,1.57587039,0.8525862,16.8975315,243.424271,355.2136,2.389438,1.159013,2.09238625,330.9556,268.3299,328.488617,1.633586,0.7351355,2.085106,1.45313346,39.0848579,271.4101
3/9/2023 4:26:48 PM,-208.700317,-0.0329266861,-0.432906121,2.90389681,1.57876611,0.7929744,15.5553532,249.44751,351.810455,2.389438,1.159013,2.09238625,330.9556,268.3299,328.488617,1.63220739,0.7354482,2.085116,1.14238381,38.557682,271.618958
3/9/2023 4:26:48 PM,-208.700317,-0.03347566,-0.433153033,2.81863165,1.59764981,0.7554707,16.0878963,262.072571,354.35,2.389438,1.159013,2.09238625,330.9556,268.3299,328.488617,1.63338876,0.735398,2.08512473,1.27565527,39.11005,271.540131
3/9/2023 4:26:48 PM,-208.700317,-0.03284414,-0.4327268,2.73088479,1.61512351,0.7089538,17.5741062,259.532379,356.667267,2.389438,1.159013,2.09238625,330.9556,268.3299,328.488617,1.6338979,0.7351168,2.08523226,1.57918763,39.3681145,271.3877
3/9/2023 4:26:49 PM,-208.700317,-0.0331186876,-0.43144998,2.64287949,1.62394118,0.6496718,18.3022652,259.31543,355.299316,2.389438,1.159013,2.09238625,330.9556,268.3299,328.488617,1.6327877,0.735409737,2.0851984,1.25171125,38.87461,271.585022
3/9/2023 4:26:49 PM,-208.700317,-0.03350719,-0.432586372,2.54308462,1.63117433,0.593913853,7.784684,260.036,354.387756,2.49530578,1.52089977,0.934541464,0.1966091,21.9792747,283.54303,1.63299429,0.7352862,2.0852108,1.39925385,39.1544762,271.560028
3/9/2023 4:26:49 PM,-208.700317,-0.0350808352,-0.433109552,2.45521736,1.65527189,0.539433241,1.0153482,258.800079,352.522552,2.49530578,1.52089977,0.934541464,0.1966091,21.9792747,283.54303,1.63333189,0.7351089,2.085248,1.516573,39.0510139,271.4366
3/9/2023 4:26:49 PM,-208.700317,-0.03254135,-0.4323804,2.3311708,1.690349,0.47779566,357.033051,261.462036,350.515961,2.49530578,1.52089977,0.934541464,0.1966091,21.9792747,283.54303,1.63200629,0.7356339,2.08507681,1.13100588,38.4254875,271.5
3/9/2023 4:26:49 PM,-208.700317,-0.0333508179,-0.433112681,2.22860074,1.71574509,0.4474186,350.964539,264.2227,351.18634,2.49530578,1.52089977,0.934541464,0.1966091,21.9792747,283.54303,1.63342011,0.7351756,2.08530736,1.45371413,39.19309,271.529846
3/9/2023 4:26:49 PM,-208.700317,-0.035177432,-0.4324904,2.11600065,1.74098825,0.418846726,345.8793,265.137756,351.406525,1.97204149,1.2302531,0.660093248,318.734558,322.90213,343.018036,1.63305616,0.735219061,2.085298,1.47286713,38.9412956,271.436157
3/9/2023 4:26:49 PM,-208.700317,-0.0337933563,-0.4323584,1.99799514,1.73265529,0.397572458,346.971832,265.924255,351.049561,1.86040723,1.22151768,0.6131189,314.130829,313.591675,346.1077,1.63316679,0.735254943,2.085317,1.36505711,39.2508545,271.650574
3/9/2023 4:26:49 PM,-208.7003,-0.0325317234,-0.432542264,1.86239541,1.70153856,0.384966761,354.8117,266.4453,352.216522,1.71016741,1.19804847,0.5741472,310.982117,293.395844,353.4538,1.63173711,0.735148966,2.08541226,1.08002615,38.72017,272.065063
3/9/2023 4:26:49 PM,-208.700317,-0.03304006,-0.432426065,1.69384062,1.68079269,0.3867079,8.126461,267.7464,353.4388,1.555164,1.18083227,0.554179,311.941528,286.009949,355.848419,1.63293624,0.7352112,2.085348,1.48801982,38.9167671,271.4606
3/9/2023 4:26:49 PM,-208.700317,-0.0342988633,-0.432072341,1.55783165,1.669365,0.391127855,13.5428734,270.122925,353.13327,1.42335594,1.20652449,0.527537346,311.601227,278.01,0.226977587,1.63209093,0.7355444,2.08500481,0.722789764,39.0965729,272.2269
3/9/2023 4:26:50 PM,-208.7003,-0.0338005163,-0.43323946,1.408512,1.666671,0.3952968,14.1488972,269.5762,353.920654,1.30132627,1.23935878,0.507699668,308.415,272.601227,3.157422,1.63380659,0.735163867,2.08518147,1.57684743,39.0456352,271.247925
3/9/2023 4:26:50 PM,-208.700317,-0.03497389,-0.431938231,1.2629838,1.64748228,0.394001573,14.6575089,268.028076,353.200348,1.16812229,1.22466445,0.5009863,310.520721,271.432068,1.46484983,1.63329709,0.7352184,2.08515239,1.3920697,39.1528969,271.5592
3/9/2023 4:26:50 PM,-208.700317,-0.0346573442,-0.432456434,1.11491084,1.61020577,0.3919997,17.9154873,268.747742,351.738525,1.04148591,1.18501616,0.493220478,311.847443,265.994446,4.837988,1.63401163,0.7351416,2.08518648,1.49450731,39.4024429,271.473816
3/9/2023 4:26:50 PM,-208.700317,-0.0343730152,-0.4334569,0.979560852,1.59072042,0.400301069,24.335516,270.8107,348.413727,0.9033352,1.14420915,0.5096493,314.200836,272.934082,2.49998,1.63366008,0.7351672,2.085145,1.31856489,39.23053,271.627869
3/9/2023 4:26:50 PM,-208.700317,-0.0332208872,-0.432353377,0.831453145,1.60499549,0.4340973,24.001236,271.0502,348.581451,0.765374541,1.16022122,0.5430162,315.623657,278.134277,1.76246214,1.6331414,0.735123,2.08535218,1.364309,38.9227867,271.620361
3/9/2023 4:26:50 PM,-208.700317,-0.03289257,-0.433248281,0.7016794,1.63560617,0.4765575,14.4582558,271.857269,349.810364,0.663330555,1.19157732,0.580306232,312.1924,278.6146,1.86023474,1.632802,0.735347569,2.085218,1.31382179,39.0855255,271.649963
3/9/2023 4:26:50 PM,-208.700317,-0.0341272764,-0.432496279,0.5930321,1.63717425,0.5132134,12.2306147,269.353973,350.3586,0.539568841,1.16988683,0.649472356,313.915833,282.691925,3.43773079,1.63291252,0.735299945,2.08527,1.29545236,39.01587,271.626038
3/9/2023 4:26:50 PM,-208.700317,-0.03986205,-0.4316568,0.47768572,1.62780273,0.551895261,7.11913,264.992432,353.6897,0.408122122,1.12933648,0.7002912,313.727173,278.583984,11.28252,1.633723,0.735059857,2.085274,1.6333946,38.9808,271.2452
3/9/2023 4:26:50 PM,-208.700317,-0.04006532,-0.432081938,0.36016953,1.6486975,0.5915542,3.49694943,263.582275,356.486328,0.260205716,1.10852969,0.7350477,316.405457,276.99762,7.68383837,1.63307488,0.735090256,2.085389,1.35809,39.30237,271.790253
3/9/2023 4:26:50 PM,-208.700363,-0.04361677,-0.432315826,0.229829013,1.69340861,0.620742,5.631421,261.273682,356.7124,0.102984935,1.14562178,0.7346623,317.452545,262.168274,12.6284513,1.63019824,0.7361347,2.08478642,359.738251,38.6620522,273.069183
3/9/2023 4:26:51 PM,-208.7004,-0.0426004976,-0.433553785,0.112363577,1.70661521,0.6325124,12.1911335,260.624542,356.928,-0.0287411362,1.1708889,0.729734,319.009827,253.941177,14.1396637,1.63019824,0.7361347,2.08478642,359.738251,38.6620522,273.069183
3/9/2023 4:26:51 PM,-208.700485,-0.0446513034,-0.430427521,-0.002776422,1.681775,0.633610666,14.64655,260.730652,358.360657,-0.15674603,1.17018151,0.7227448,318.9163,249.86026,16.7029572,1.63019824,0.7361347,2.08478642,359.738251,38.6620522,273.069183
3/9/2023 4:26:51 PM,-208.700546,-0.03992728,-0.4305352,-0.12846905,1.6423831,0.625298,18.41528,260.108276,358.388916,-0.2774325,1.16207027,0.70356977,315.744934,246.131256,18.10729,1.63019824,0.7361347,2.08478642,359.738251,38.6620522,273.069183
3/9/2023 4:26:51 PM,-208.700546,-0.0401908681,-0.43081367,-0.265048623,1.61270773,0.609552,23.231472,260.624176,354.962067,-0.387365878,1.13299847,0.7024142,316.26355,251.146164,15.3675556,1.63019824,0.7361347,2.08478642,359.738251,38.6620522,273.069183
3/9/2023 4:26:51 PM,-208.700531,-0.0396050066,-0.435116023,-0.3921249,1.62181163,0.594239831,19.7605324,261.4287,353.5063,-0.510537267,1.096383,0.7091107,321.9385,257.229736,14.1862993,1.63019824,0.7361347,2.08478642,359.738251,38.6620522,273.069183
3/9/2023 4:26:51 PM,-208.7006,-0.0474794656,-0.4374035,-0.548583,1.64319968,0.579461038,22.0448589,261.4463,353.977356,-0.645225942,1.11425638,0.7018463,319.282745,252.879791,19.5688553,1.63019824,0.7361347,2.08478642,359.738251,38.6620522,273.069183
3/9/2023 4:26:51 PM,-208.700638,-0.04214195,-0.43494004,-0.6628617,1.65071583,0.571869969,21.7166042,262.068268,354.2337,-0.7697522,1.15311575,0.6786366,315.990967,241.342255,20.08701,1.63019824,0.7361347,2.08478642,359.738251,38.6620522,273.069183
3/9/2023 4:26:51 PM,-208.7007,-0.0423927233,-0.434951216,-0.789890945,1.63436937,0.5684856,22.7258778,262.629517,355.0119,-0.9209714,1.18249011,0.7197212,315.309662,262.7804,0.614564061,1.63019824,0.7361347,2.08478642,359.738251,38.6620522,273.069183
3/9/2023 4:26:51 PM,-208.7008,-0.0397397466,-0.432697624,-0.9192943,1.61048794,0.572292149,23.4244366,262.564,356.71817,-1.09847331,1.22039211,0.753095,321.914368,282.5151,332.745972,1.629323,0.7355002,2.08520246,0.590944767,37.9659,272.451416
3/9/2023 4:26:51 PM,-208.700836,-0.040336363,-0.43290925,-1.05402529,1.61588645,0.5780435,21.3207626,261.150757,357.813568,-1.24291849,1.332995,0.776896,307.042816,293.18927,323.4234,1.63324785,0.7353115,2.08500528,1.30528867,39.11567,271.5671
3/9/2023 4:26:52 PM,-208.700851,-0.0364430659,-0.430635124,-1.17030931,1.63102317,0.57855314,26.6650467,261.130432,356.7515,-1.40304339,1.43962216,0.8016725,295.80954,299.581329,329.8662,1.63097763,0.731452,2.08675742,359.7223,39.94138,276.354218
3/9/2023 4:26:52 PM,-208.700851,-0.0345100649,-0.4310395,-1.303244,1.64670777,0.574530244,25.5279236,261.243134,357.445068,-1.62514818,1.44902408,0.7963578,308.5021,294.414429,326.322144,1.63097763,0.731452,2.08675742,359.7223,39.94138,276.354218
3/9/2023 4:26:52 PM,-208.700836,-0.036490418,-0.430482775,-1.42128515,1.6396023,0.570918858,25.4576855,262.0558,358.193665,-1.81911111,1.369104,0.7571622,324.4706,285.884247,327.597137,1.63097763,0.731452,2.08675742,359.7223,39.94138,276.354218
3/9/2023 4:26:52 PM,-208.700836,-0.03295637,-0.431085646,-1.53564751,1.61613321,0.564936757,27.1538734,261.976532,358.560577,-1.97680783,1.30663049,0.729957938,326.7472,281.607941,333.623077,1.63097763,0.731452,2.08675742,359.7223,39.94138,276.354218
3/9/2023 4:26:52 PM,-208.700836,-0.0330612734,-0.431331128,-1.65086532,1.60678673,0.557953835,26.36075,261.719971,358.347778,-2.09729075,1.27004766,0.7208159,326.3852,278.723816,337.22406,1.63097763,0.731452,2.08675742,359.7223,39.94138,276.354218
3/9/2023 4:26:52 PM,-208.700821,-0.0428795367,-0.434997261,-1.74951351,1.61166036,0.553093255,28.56474,261.318085,359.443878,-2.21081328,1.25604737,0.71887064,325.633972,275.509247,339.945343,1.63097763,0.731452,2.08675742,359.7223,39.94138,276.354218
3/9/2023 4:26:52 PM,-208.700882,-0.0439009964,-0.4309385,-1.86341786,1.616363,0.5409674,29.5256138,262.638672,1.60400093,-2.32162333,1.28050637,0.7214595,324.76947,273.1318,344.4793,1.63097763,0.731452,2.08675742,359.7223,39.94138,276.354218
3/9/2023 4:26:52 PM,-208.700912,-0.04587736,-0.429198951,-1.93783247,1.60595334,0.524642766,29.936512,261.913116,1.90260172,-2.42284155,1.31226993,0.7068807,321.951538,268.096283,349.9337,1.63097763,0.731452,2.08675742,359.7223,39.94138,276.354218
3/9/2023 4:26:52 PM,-208.700882,-0.0646890551,-0.429931283,-2.0155468,1.57746911,0.510715365,32.7685356,262.441956,1.79852581,-2.52108216,1.31014264,0.681904137,320.534454,262.645142,355.145416,1.62686372,0.733081341,2.08625126,359.9692,37.7764,274.9291
3/9/2023 4:26:52 PM,-208.700851,-0.0634467155,-0.4321382,-2.09628248,1.54367983,0.49977234,36.21918,263.092255,5.48480558,-2.60137987,1.28311682,0.6595335,320.833984,260.35498,356.645721,1.62686372,0.733081341,2.08625126,359.9692,37.7764,274.9291
3/9/2023 4:26:53 PM,-208.700821,-0.059737578,-0.4360321,-2.18861341,1.5285362,0.4845985,36.5029526,261.8742,7.74240971,-2.67905235,1.23497462,0.635053933,322.644958,257.576233,359.0617,1.62686372,0.733081341,2.08625126,359.9692,37.7764,274.9291
3/9/2023 4:26:53 PM,-208.700851,-0.0491606668,-0.432694882,-2.25473762,1.52592432,0.473631,36.9438362,262.527466,9.53638,-2.73826957,1.190804,0.622128963,326.5714,257.254272,359.058655,1.62686372,0.733081341,2.08625126,359.9692,37.7764,274.9291
3/9/2023 4:26:53 PM,-208.7009,-0.04306902,-0.430534363,-2.3006742,1.52236819,0.468841076,40.9325867,266.891449,15.9185915,-2.77658153,1.16529953,0.6209048,329.1409,257.577179,359.3604,1.62686372,0.733081341,2.08625126,359.9692,37.7764,274.9291
3/9/2023 4:26:53 PM,-208.700928,-0.03732453,-0.429844439,-2.3132956,1.5118829,0.468959659,42.55805,267.557648,15.6761208,-2.791963,1.14231348,0.6202212,331.590637,258.140259,359.382843,1.62784326,0.735812664,2.08504152,0.0138772372,37.655098,272.9427
3/9/2023 4:26:53 PM,-208.700928,-0.0322041,-0.4300909,-2.32340622,1.50388443,0.471747756,42.74921,267.799133,15.1524944,-2.80127668,1.11154485,0.611002862,334.576843,257.5392,0.349356055,1.631292,0.7349275,2.085438,0.7635558,38.9764671,272.714783
3/9/2023 4:26:53 PM,-208.700943,-0.0328377634,-0.430494875,-2.33903027,1.49397445,0.465830356,43.87871,263.2283,11.2750425,-2.81327462,1.0919528,0.6035611,335.238068,257.675049,0.264920563,1.63168859,0.7347653,2.08558679,1.15487027,38.81052,272.250336
3/9/2023 4:26:53 PM,-208.700943,-0.0334500372,-0.431337655,-2.35697532,1.48246849,0.4565865,44.1576767,261.571472,10.3281355,-2.83211279,1.08418632,0.6022386,334.422119,257.966125,359.8827,1.63294768,0.7352648,2.08523178,1.27132881,38.9395447,271.651459
3/9/2023 4:26:53 PM,-208.700928,-0.0369219445,-0.437460244,-2.38316274,1.46767235,0.4544413,44.59771,263.659576,11.3062534,-2.85716057,1.08154368,0.607946754,333.903656,257.9572,0.784992158,1.63258231,0.735446453,2.08521485,1.13184106,38.98458,271.771
3/9/2023 4:26:53 PM,-208.700974,-0.0330696553,-0.431160033,-2.404196,1.45931482,0.4594993,44.9075432,264.661346,11.4316845,-2.8856535,1.08569193,0.6154551,332.793457,258.137,1.91338789,1.63353336,0.7352061,2.08513117,1.35551608,38.9623222,271.481781
3/9/2023 4:26:53 PM,-208.700974,-0.03434894,-0.431493878,-2.42682767,1.45191848,0.4651616,45.0332527,264.9798,11.3828678,-2.91125655,1.09745359,0.623548,330.695282,259.0061,2.38075638,1.63300025,0.735159457,2.08524585,1.39853477,38.907505,271.529053
3/9/2023 4:26:54 PM,-208.700974,-0.032960996,-0.4336271,-2.449495,1.44331229,0.466099948,45.1005,263.4293,10.547719,-2.93445349,1.13252616,0.6285629,325.0177,260.725647,1.72893333,1.63324845,0.735046744,2.085328,1.63219368,39.03894,271.3694
3/9/2023 4:26:54 PM,-208.700958,-0.0308132377,-0.435209244,-2.47592783,1.43101847,0.461769164,45.972496,260.306915,8.708043,-2.96260452,1.14297724,0.6205296,321.818726,265.723816,357.8504,1.63266706,0.73556304,2.08500648,1.17826676,38.7901039,271.533478
3/9/2023 4:26:54 PM,-208.700989,-0.0298108142,-0.433481932,-2.498442,1.41787481,0.4575664,46.6841736,257.905731,7.453244,-3.00043678,0.9640247,0.5268005,355.152161,243.515228,19.3500729,1.63373446,0.735032856,2.085319,1.49008155,39.1550446,271.521973
3/9/2023 4:26:54 PM,-208.700989,-0.03380466,-0.4325764,-2.51813316,1.40403891,0.450508982,47.6621857,256.2663,5.940864,-2.96341538,0.826444745,0.5043169,18.282217,235.997833,28.8531876,1.6322242,0.7355156,2.08484626,1.0489639,38.75262,271.713745
3/9/2023 4:26:54 PM,-208.701,-0.03207837,-0.432381451,-2.5243237,1.39555442,0.448135525,48.2772942,258.145569,6.865779,-2.95537615,0.814848,0.508180737,15.4067659,235.3168,27.0606174,1.6337887,0.735182,2.08514237,1.59930348,39.11178,271.246582
3/9/2023 4:26:54 PM,-208.701,-0.0334101319,-0.4329293,-2.52284312,1.39713562,0.453654051,46.8569031,260.191772,8.303865,-2.96730185,0.832753837,0.5361795,12.3693647,237.72963,28.307724,1.63391268,0.7350102,2.08511519,1.4947089,38.988945,271.363068
3/9/2023 4:26:54 PM,-208.700989,-0.035282068,-0.433241576,-2.516866,1.40397143,0.455197155,46.0211,259.46756,7.85285664,-2.976393,0.865840435,0.551655054,7.638227,239.289185,28.1654911,1.63270962,0.7353742,2.08508968,1.23362064,38.8927269,271.612183
3/9/2023 4:26:54 PM,-208.701,-0.0320742726,-0.43288368,-2.49807453,1.4201107,0.450105846,44.108696,255.68898,6.83135653,-2.94298458,0.889179,0.5478813,3.97372341,236.333008,27.822485,1.6336453,0.7351045,2.08520174,1.430824,39.1495857,271.530823
3/9/2023 4:26:54 PM,-208.700974,-0.029061364,-0.435493946,-2.47194552,1.43860352,0.437505931,41.48073,248.69519,6.23184872,-2.87116551,0.861436844,0.5366142,8.065844,229.608765,27.3257046,1.63215292,0.7355242,2.08494067,0.920429766,38.57612,271.808838
3/9/2023 4:26:54 PM,-208.700958,-0.03229065,-0.435020119,-2.42651033,1.466063,0.4130528,39.2830048,235.7084,5.56284237,-2.771175,0.8090593,0.518313348,15.6438484,222.305618,24.642662,1.63391781,0.735105336,2.085208,1.48274171,39.3812027,271.521
3/9/2023 4:26:55 PM,-208.700974,-0.0284766238,-0.4339355,-2.3485043,1.49537253,0.366679,38.95733,211.957321,4.50825357,-2.64519668,0.7667784,0.471436918,21.896946,210.1422,20.3649426,1.63342571,0.7353314,2.08510232,1.31197369,38.9906044,271.491516
3/9/2023 4:26:55 PM,-208.700958,-0.0308148954,-0.434684157,-2.232302,1.523341,0.321897864,34.8130455,183.7566,0.6565625,-2.46221733,0.749820948,0.386200368,23.185,184.757629,14.4740381,1.63361537,0.7354169,2.08516,1.37214029,39.3662834,271.514252
3/9/2023 4:26:55 PM,-208.700821,-0.0465348735,-0.447234124,-2.080108,1.54300153,0.3196383,32.22884,155.008133,357.203156,-2.241547,0.7730605,0.309035718,15.3688564,148.442947,10.9346619,1.63348222,0.735040247,2.08535171,1.48640049,39.10955,271.537476
3/9/2023 4:26:55 PM,-208.701019,-0.0509949252,-0.431800455,-1.96623075,1.55173159,0.355659723,31.8665962,133.916779,355.84137,-2.04348326,0.7925651,0.308388531,9.492279,112.484833,6.38799143,1.6319102,0.7356477,2.08480859,1.01473224,38.4316254,271.595734
3/9/2023 4:26:55 PM,-208.701035,-0.0545484126,-0.4293009,-1.859569,1.5528518,0.409204364,30.7058945,120.402374,356.2975,-1.93535721,0.7973536,0.308182865,10.3775024,100.513054,6.47550535,1.631946,0.7357015,2.08481932,0.8886535,38.4419327,271.733246
3/9/2023 4:26:55 PM,-208.7011,-0.061647065,-0.428753346,-1.77114534,1.54421949,0.455006659,31.8707,113.265617,356.843,-1.82204115,0.8163649,0.3430608,7.538736,87.645,2.725631,1.633655,0.7351099,2.08517313,1.49547923,39.0440674,271.390778
3/9/2023 4:26:55 PM,-208.70108,-0.05631059,-0.43155387,-1.68445,1.54015243,0.483472437,33.1127968,110.766052,359.416321,-1.722336,0.8481585,0.4021076,2.26045036,76.0215454,1.99358833,1.63250673,0.735326052,2.085209,1.28166223,38.8140144,271.607422
3/9/2023 4:26:55 PM,-208.701126,-0.05527541,-0.4325376,-1.6171298,1.53942549,0.510102153,31.5295067,103.360786,1.72916508,-1.62304568,0.8779982,0.458678126,359.904938,74.55987,349.864441,1.63357973,0.735141933,2.08519363,1.43740022,39.15258,271.513824
3/9/2023 4:26:55 PM,-208.701172,-0.0531826541,-0.4332107,-1.54893148,1.55646646,0.547122657,29.1648769,94.3510056,359.745026,-1.49000216,0.9626512,0.484000653,352.289185,77.93933,338.248566,1.63485777,0.7349149,2.08514237,1.60922992,39.6053734,271.414185
3/9/2023 4:26:55 PM,-208.7012,-0.0497124344,-0.43254447,-1.51317048,1.57030714,0.565314651,27.5971184,91.16053,359.444458,-1.36888039,1.106206,0.4566244,337.299835,88.1183853,323.339752,1.63485777,0.7349149,2.08514237,1.60922992,39.6053734,271.414185
3/9/2023 4:26:56 PM,-208.701263,-0.0444491319,-0.4324405,-1.47303486,1.58365476,0.571779966,26.7325478,89.60825,359.133667,-1.292713,1.23123,0.407708526,326.056549,99.8674,315.246826,1.63485777,0.7349149,2.08514237,1.60922992,39.6053734,271.414185
3/9/2023 4:26:56 PM,-208.701309,-0.0439923257,-0.4332953,-1.42368734,1.59117,0.569880545,24.5098553,87.63326,358.596741,-1.239585,1.31780672,0.36461854,314.675781,108.347549,314.6633,1.63485777,0.7349149,2.08514237,1.60922992,39.6053734,271.414185
3/9/2023 4:26:56 PM,-208.70137,-0.0451573767,-0.433463752,-1.36367142,1.59495854,0.5597091,24.5626411,85.9537354,357.7985,-1.21467257,1.29034221,0.312026441,328.341064,131.6252,314.167664,1.63485777,0.7349149,2.08514237,1.60922992,39.6053734,271.414185
3/9/2023 4:26:56 PM,-208.701431,-0.0427900068,-0.431646049,-1.30449009,1.58917391,0.544281065,25.575,86.2538,359.012054,-1.186132,1.25766039,0.285657376,334.052338,140.965851,317.606018,1.63485777,0.7349149,2.08514237,1.60922992,39.6053734,271.414185
3/9/2023 4:26:56 PM,-208.701492,-0.041570805,-0.431425661,-1.21821427,1.5844487,0.529355764,29.9187737,82.37166,358.992249,-1.12495792,1.3904202,0.253522128,322.179565,142.902451,302.0075,1.63485777,0.7349149,2.08514237,1.60922992,39.6053734,271.414185
3/9/2023 4:26:56 PM,-208.7015,-0.03739915,-0.4299431,-1.15791452,1.57281411,0.524235249,39.09075,78.45829,359.230377,-1.10707915,1.54914558,0.237202287,325.0048,161.006927,268.9184,1.63485777,0.7349149,2.08514237,1.60922992,39.6053734,271.414185
3/9/2023 4:26:56 PM,-208.7015,-0.0332476273,-0.431660831,-1.08736145,1.56502831,0.5139995,38.45672,82.61925,2.29182982,-1.07032,1.6360153,0.238170326,332.942566,169.5338,254.512848,1.63485777,0.7349149,2.08514237,1.60922992,39.6053734,271.414185
3/9/2023 4:26:56 PM,-208.701538,-0.0356766,-0.4269194,-1.00871634,1.56372106,0.5094166,32.3655853,85.683136,3.328564,-0.996807635,1.64683628,0.2576159,337.482178,164.601456,256.221222,1.62932825,0.733662844,2.08587146,0.747510254,38.0487061,273.42218
3/9/2023 4:26:56 PM,-208.7016,-0.0352104828,-0.426870525,-0.9161262,1.56428862,0.516228437,17.7414017,85.48918,1.62477493,-0.9183511,1.63710153,0.2647816,341.565,168.671234,254.718292,1.62932825,0.733662844,2.08587146,0.747510254,38.0487061,273.42218
3/9/2023 4:26:56 PM,-208.7016,-0.03600879,-0.428478479,-0.8204193,1.58452916,0.5342691,9.277283,90.7636948,4.22676134,-0.8305832,1.64347541,0.284822315,341.746338,172.212646,249.567932,1.62932825,0.733662844,2.08587146,0.747510254,38.0487061,273.42218
3/9/2023 4:26:57 PM,-208.7016,-0.0355048627,-0.429384232,-0.7055286,1.61629856,0.552657962,355.763916,92.55181,1.10206652,-0.73000896,1.66864729,0.305307031,342.3408,175.700623,241.285309,1.62932825,0.733662844,2.08587146,0.747510254,38.0487061,273.42218
3/9/2023 4:26:57 PM,-208.70163,-0.0352651626,-0.42759198,-0.6110565,1.63913691,0.5599519,351.164948,96.13606,357.14267,-0.649801135,1.67990363,0.315268785,342.905548,179.365265,237.884781,1.62932825,0.733662844,2.08587146,0.747510254,38.0487061,273.42218
3/9/2023 4:26:57 PM,-208.701645,-0.0333674327,-0.4307567,-0.5191797,1.65348232,0.5596131,350.6453,98.76967,357.3594,-0.564054132,1.68504333,0.316795439,344.374634,180.127,237.641388,1.62932825,0.733662844,2.08587146,0.747510254,38.0487061,273.42218
3/9/2023 4:26:57 PM,-208.70163,-0.03331226,-0.4313536,-0.425880343,1.66018534,0.5528866,349.066528,96.7501755,356.918671,-0.489296615,1.68779969,0.3106686,345.4566,183.117279,237.543945,1.62932825,0.733662844,2.08587146,0.747510254,38.0487061,273.42218
3/9/2023 4:26:57 PM,-208.70166,-0.03908962,-0.432856917,-0.332884222,1.6563853,0.5438835,350.053375,95.17914,358.7195,-0.3965908,1.68343472,0.300923616,345.91684,183.82692,235.091385,1.62932825,0.733662844,2.08587146,0.747510254,38.0487061,273.42218
3/9/2023 4:26:57 PM,-208.701645,-0.03842345,-0.433269,-0.214702144,1.6684444,0.532873452,340.4185,90.9155655,354.636749,-0.277223855,1.688044,0.284755975,345.3203,184.151489,232.947021,1.62932825,0.733662844,2.08587146,0.747510254,38.0487061,273.42218
3/9/2023 4:26:57 PM,-208.70166,-0.04354334,-0.435156882,-0.11042323,1.69800389,0.52988416,338.782166,86.03136,358.407837,-0.144446865,1.7180512,0.2786648,344.131256,180.485626,231.1203,1.62932825,0.733662844,2.08587146,0.747510254,38.0487061,273.42218
3/9/2023 4:26:57 PM,-208.7017,-0.04231801,-0.435163856,0.008486542,1.739986,0.5323813,336.887024,82.6370544,356.81134,-0.0195420831,1.75210452,0.270194262,345.228973,179.9969,230.0941,1.62932825,0.733662844,2.08587146,0.747510254,38.0487061,273.42218
3/9/2023 4:26:57 PM,-208.701752,-0.0423266962,-0.4340056,0.122662582,1.77464378,0.5336328,330.631042,80.82125,355.29364,0.102097519,1.74084961,0.233016342,348.190582,186.770157,232.631027,1.62932825,0.733662844,2.08587146,0.747510254,38.0487061,273.42218
3/9/2023 4:26:57 PM,-208.7018,-0.0413816,-0.435064882,0.2429696,1.77645528,0.542323351,329.4137,79.49717,353.2514,0.240876049,1.68276107,0.219368741,340.736725,195.22934,239.564209,1.62932825,0.733662844,2.08587146,0.747510254,38.0487061,273.42218
3/9/2023 4:26:58 PM,-208.701889,-0.0389914624,-0.4333186,0.366467,1.76757944,0.5582292,328.4425,76.2419,351.8233,0.4400231,1.54968441,0.251127362,318.160858,192.150589,259.886536,1.62932825,0.733662844,2.08587146,0.747510254,38.0487061,273.42218
3/9/2023 4:26:58 PM,-208.70195,-0.037632525,-0.433137,0.5377239,1.778229,0.5731857,327.810364,75.1816254,349.638062,0.6323989,1.3085345,0.265657783,306.893158,153.757431,320.327454,1.62932825,0.733662844,2.08587146,0.747510254,38.0487061,273.42218
3/9/2023 4:26:58 PM,-208.7019,-0.0452035666,-0.433729321,0.691828549,1.79411972,0.5719777,327.296875,75.95736,349.00946,0.725079,1.112717,0.224313542,316.83493,129.619934,5.67057848,0.346487552,1.09242666,0.196970791,31.9788914,287.6292,42.260788
3/9/2023 4:26:58 PM,-208.701965,-0.0428378321,-0.433242679,0.8234013,1.79361415,0.560088456,324.133728,74.25072,350.8868,0.7871565,1.00901949,0.146900684,325.920959,127.168465,24.804163,0.346487552,1.09242666,0.196970791,31.9788914,287.6292,42.260788
3/9/2023 4:26:58 PM,-208.702042,-0.04318753,-0.4333653,0.9688117,1.77028728,0.54371196,323.2746,71.3007,352.075958,0.8675493,0.9504898,0.06887241,330.9225,127.912506,36.11403,0.6524942,1.05828989,0.233936772,62.39988,10.2636032,45.209404
3/9/2023 4:26:58 PM,-208.702072,-0.04093033,-0.433124453,1.103357,1.75630558,0.5257733,322.495483,66.9564362,355.1166,0.9779329,0.8896023,-0.00747367,334.609833,131.323654,39.2543869,0.6524942,1.05828989,0.233936772,62.39988,10.2636032,45.209404
3/9/2023 4:26:58 PM,-208.702087,-0.0397745259,-0.431885928,1.28930092,1.77858031,0.508188069,325.2979,67.0187149,353.70636,1.14833117,0.8167943,-0.0636563152,350.240936,124.75666,48.63223,0.6524942,1.05828989,0.233936772,62.39988,10.2636032,45.209404
3/9/2023 4:26:58 PM,-208.7021,-0.0337720141,-0.432555616,1.426517,1.82046175,0.546832263,326.0505,63.3258743,354.262115,1.24438679,0.82346344,-0.0472193547,353.688629,115.593765,48.46279,0.6524942,1.05828989,0.233936772,62.39988,10.2636032,45.209404
3/9/2023 4:26:58 PM,-208.7021,-0.03173106,-0.4331469,1.426517,1.82046175,0.546832263,324.40976,59.0782356,356.238373,1.24438679,0.82346344,-0.0472193547,353.688629,115.593765,48.46279,0.6524942,1.05828989,0.233936772,62.39988,10.2636032,45.209404
3/9/2023 4:26:58 PM,-208.7021,-0.0326457843,-0.4326463,1.426517,1.82046175,0.546832263,326.5433,58.11445,356.756042,1.24438679,0.82346344,-0.0472193547,353.688629,115.593765,48.46279,0.6524942,1.05828989,0.233936772,62.39988,10.2636032,45.209404
3/9/2023 4:26:59 PM,-208.702118,-0.03311544,-0.431975543,1.426517,1.82046175,0.546832263,328.297241,58.5418243,356.3718,1.24438679,0.82346344,-0.0472193547,353.688629,115.593765,48.46279,0.6524942,1.05828989,0.233936772,62.39988,10.2636032,45.209404
3/9/2023 4:26:59 PM,-208.7021,-0.0335562,-0.4323203,1.426517,1.82046175,0.546832263,325.85672,55.8524323,357.976532,1.24438679,0.82346344,-0.0472193547,353.688629,115.593765,48.46279,1.63328457,0.735240638,2.08522773,1.19749618,39.1635437,271.7736
3/9/2023 4:26:59 PM,-208.7021,-0.0325282142,-0.43341586,1.426517,1.82046175,0.546832263,324.5262,57.1135254,354.663849,1.24438679,0.82346344,-0.0472193547,353.688629,115.593765,48.46279,1.63292682,0.735126734,2.085094,1.10263646,39.0578423,271.9254
3/9/2023 4:26:59 PM,-208.7021,-0.0322176665,-0.432383269,1.426517,1.82046175,0.546832263,321.227081,54.6945877,355.556335,1.24438679,0.82346344,-0.0472193547,353.688629,115.593765,48.46279,1.63133585,0.7356715,2.08503413,0.9204349,38.38779,271.822266
3/9/2023 4:26:59 PM,-208.7021,-0.0332073048,-0.4333127,1.426517,1.82046175,0.546832263,322.8715,49.6664047,357.6309,1.24438679,0.82346344,-0.0472193547,353.688629,115.593765,48.46279,1.63345468,0.7351816,2.08514643,1.10883951,39.308506,271.909729
3/9/2023 4:26:59 PM,-208.7021,-0.0341113769,-0.433418155,1.426517,1.82046175,0.546832263,327.137,39.9167328,1.18531215,1.24438679,0.82346344,-0.0472193547,353.688629,115.593765,48.46279,1.63354778,0.735141158,2.08516264,1.433627,39.04767,271.477539
3/9/2023 4:26:59 PM,-208.7021,-0.0324312523,-0.433207452,1.426517,1.82046175,0.546832263,328.2096,33.89765,358.4846,1.24438679,0.82346344,-0.0472193547,353.688629,115.593765,48.46279,1.63245821,0.735385656,2.08521533,0.8395474,39.2248573,272.2542
3/9/2023 4:26:59 PM,-208.7021,-0.03213907,-0.4327914,1.426517,1.82046175,0.546832263,330.0201,23.0623589,359.6704,1.24438679,0.82346344,-0.0472193547,353.688629,115.593765,48.46279,1.6333791,0.7351254,2.08528614,1.457759,38.98489,271.451874
3/9/2023 4:26:59 PM,-208.702118,-0.0320727,-0.431784272,1.426517,1.82046175,0.546832263,330.1653,15.31674,0.668870747,1.24438679,0.82346344,-0.0472193547,353.688629,115.593765,48.46279,1.63268554,0.735383,2.08520961,1.156503,39.2419,271.880066
3/9/2023 4:26:59 PM,-208.702118,-0.0319419876,-0.4326669,1.426517,1.82046175,0.546832263,329.979858,11.5172215,0.8447612,1.24438679,0.82346344,-0.0472193547,353.688629,115.593765,48.46279,1.633132,0.7353037,2.08496785,1.19707942,39.12721,271.687561
3/9/2023 4:27:00 PM,-208.7021,-0.0326371938,-0.432124466,1.426517,1.82046175,0.546832263,328.5363,0.5471814,1.71022427,1.24438679,0.82346344,-0.0472193547,353.688629,115.593765,48.46279,1.63222218,0.735402346,2.08525634,1.16053879,38.6778679,271.704956
3/9/2023 4:27:00 PM,-208.7021,-0.0319564641,-0.432554275,1.426517,1.82046175,0.546832263,331.595245,350.995178,0.8176713,1.24438679,0.82346344,-0.0472193547,353.688629,115.593765,48.46279,1.63314545,0.7353318,2.08512068,1.14344442,38.93053,271.7096
3/9/2023 4:27:00 PM,-208.7021,-0.0323999524,-0.433004081,2.959848,1.76238191,1.52417481,329.46756,340.8842,1.51798618,1.24438679,0.82346344,-0.0472193547,353.688629,115.593765,48.46279,1.63237953,0.7354685,2.08514667,1.15645349,38.57523,271.581116
3/9/2023 4:27:00 PM,-208.7021,-0.03176388,-0.433371872,2.976443,1.74617231,1.60463333,325.6395,329.473663,5.103043,1.24438679,0.82346344,-0.0472193547,353.688629,115.593765,48.46279,1.63290048,0.7353813,2.08518386,1.26587367,38.8192024,271.5454
3/9/2023 4:27:00 PM,-208.7021,-0.0345778242,-0.4326377,3.003121,1.72127914,1.69635594,330.118622,318.800079,8.32586,1.24438679,0.82346344,-0.0472193547,353.688629,115.593765,48.46279,1.63328612,0.7354516,2.08509135,1.20341241,39.2118,271.667572
3/9/2023 4:27:00 PM,-208.7021,-0.03422394,-0.432533979,2.99856973,1.71452749,1.78246856,330.566345,309.823151,10.4999037,1.24438679,0.82346344,-0.0472193547,353.688629,115.593765,48.46279,1.63275981,0.7353401,2.085225,1.269884,38.8795242,271.620575
3/9/2023 4:27:00 PM,-208.7021,-0.0330302529,-0.432838321,2.98336935,1.74537861,1.86609089,329.0697,303.855377,10.6687508,1.24438679,0.82346344,-0.0472193547,353.688629,115.593765,48.46279,1.63249207,0.7353641,2.08502555,1.00235581,38.83722,271.865479
3/9/2023 4:27:00 PM,-208.7021,-0.03324013,-0.432444841,2.94414663,1.75852108,1.92041707,328.7741,296.700684,12.6737385,1.24438679,0.82346344,-0.0472193547,353.688629,115.593765,48.46279,1.6336298,0.735329866,2.08512044,1.13848472,39.43816,271.8358
3/9/2023 4:27:00 PM,-208.7021,-0.03229309,-0.4330339,2.87852025,1.73653042,1.98148751,330.152954,291.899719,11.877099,1.24438679,0.82346344,-0.0472193547,353.688629,115.593765,48.46279,1.6330024,0.7352611,2.08522558,1.43262959,38.9382439,271.460144
3/9/2023 4:27:00 PM,-208.7021,-0.03153938,-0.432233185,2.79421473,1.71372151,2.03295732,333.674164,287.724426,10.9114256,1.24438679,0.82346344,-0.0472193547,353.688629,115.593765,48.46279,1.63285887,0.735284,2.08520412,1.19250059,39.1246338,271.803162
3/9/2023 4:27:01 PM,-208.702118,-0.0339520052,-0.4331721,2.706347,1.692251,2.07694936,339.081146,283.133545,4.777051,1.24438679,0.82346344,-0.0472193547,353.688629,115.593765,48.46279,1.63309693,0.7351678,2.085252,1.29029429,39.277462,271.786041
3/9/2023 4:27:01 PM,-208.7021,-0.03273467,-0.43352738,2.62321424,1.67718744,2.11245131,342.514343,282.2087,0.323626459,1.24438679,0.82346344,-0.0472193547,353.688629,115.593765,48.46279,1.63336706,0.735168636,2.08523178,1.30589151,39.25534,271.72467
3/9/2023 4:27:01 PM,-208.702118,-0.0334088653,-0.4323547,2.57015753,1.68614268,2.12500429,340.600037,281.811981,0.158287555,1.24438679,0.82346344,-0.0472193547,353.688629,115.593765,48.46279,1.63336575,0.7350232,2.08528066,1.53981245,38.9788246,271.4424
3/9/2023 4:27:01 PM,-208.7021,-0.0313303322,-0.432096452,2.502463,1.69979024,2.12127614,340.3773,276.962646,4.09219933,1.24438679,0.82346344,-0.0472193547,353.688629,115.593765,48.46279,1.63351214,0.735122,2.08529854,1.41259038,39.2661819,271.618652
3/9/2023 4:27:01 PM,-208.7021,-0.0321972854,-0.4328759,2.45192337,1.692581,2.115361,341.346924,273.931152,5.59516048,1.24438679,0.82346344,-0.0472193547,353.688629,115.593765,48.46279,1.63294816,0.73538506,2.08503723,1.17635393,39.0519257,271.695526
3/9/2023 4:27:01 PM,-208.7021,-0.0332285427,-0.433185637,2.38540554,1.67059135,2.10807967,339.108154,271.47345,7.76323557,1.24438679,0.82346344,-0.0472193547,353.688629,115.593765,48.46279,1.63353717,0.7350486,2.08522367,1.54872227,39.0270233,271.382874
3/9/2023 4:27:01 PM,-208.7021,-0.0316310376,-0.4331764,2.30072832,1.62616348,2.0799427,338.370056,264.794983,11.0818205,1.24438679,0.82346344,-0.0472193547,353.688629,115.593765,48.46279,1.63360453,0.7350185,2.08529139,1.54785275,39.1979675,271.473816
3/9/2023 4:27:01 PM,-208.7021,-0.031545572,-0.433560133,2.21731782,1.553655,2.04513884,342.443726,261.916168,14.2589455,1.24438679,0.82346344,-0.0472193547,353.688629,115.593765,48.46279,1.63377118,0.7350602,2.08518028,1.43010151,39.11302,271.502472
3/9/2023 4:27:01 PM,-208.702118,-0.0331606269,-0.4320624,2.164359,1.47256207,2.03174973,344.563934,260.681824,11.0312462,1.24438679,0.82346344,-0.0472193547,353.688629,115.593765,48.46279,1.63335228,0.735190868,2.08521247,1.47295082,39.0465126,271.429443
3/9/2023 4:27:01 PM,-208.7021,-0.0334533975,-0.43239817,2.13086915,1.37269986,2.0448668,342.4016,259.9841,12.2989492,1.95520246,0.837296844,2.23491168,296.770172,348.074768,83.0979,1.63292646,0.7351761,2.085129,1.41978645,38.68369,271.401672
3/9/2023 4:27:02 PM,-208.702118,-0.03489691,-0.4324742,2.12392449,1.30045724,2.07665658,338.620819,259.002747,15.3489161,1.95520246,0.837296844,2.23491168,296.770172,348.074768,83.0979,1.63378978,0.7350413,2.08525848,1.46145189,39.1479225,271.50766
3/9/2023 4:27:02 PM,-208.702118,-0.0339223668,-0.432178378,2.1322093,1.25096452,2.138273,332.4741,256.054352,12.6176748,1.95520246,0.837296844,2.23491168,296.770172,348.074768,83.0979,1.63302028,0.7351745,2.0851438,1.21668136,39.0985641,271.779358
3/9/2023 4:27:02 PM,-208.7021,-0.0322984,-0.432986617,2.14224029,1.234126,2.24366379,325.2395,260.29538,5.269985,1.95520246,0.837296844,2.23491168,296.770172,348.074768,83.0979,1.63378215,0.735129535,2.08517575,1.43120158,39.1460533,271.4839
3/9/2023 4:27:02 PM,-208.7021,-0.0333739445,-0.432862163,2.13441062,1.25507855,2.3538568,326.665833,264.70636,2.06503272,1.78409588,0.5958856,2.2500875,8.828836,248.630829,276.357727,1.6304158,0.735823035,2.08481073,0.217637673,38.43429,272.545166
3/9/2023 4:27:02 PM,-208.702118,-0.033345215,-0.433166832,2.1200664,1.29621339,2.463476,321.052917,256.880737,3.854955,1.78725612,0.5953279,2.24774146,8.326422,246.666809,274.38562,1.63376474,0.7351112,2.085161,1.31960845,39.3756332,271.715332
3/9/2023 4:27:02 PM,-208.7021,-0.0320084468,-0.432668656,2.12030673,1.30651653,2.5406177,316.680054,257.421448,1.72749531,1.78725982,0.5952686,2.24787545,8.308466,246.735977,274.3647,1.63342321,0.7352597,2.08502817,1.41475964,38.712616,271.259766
3/9/2023 4:27:02 PM,-208.7021,-0.0312196258,-0.4331822,2.11393952,1.30633557,2.591211,316.8435,254.880829,3.300097,1.78742528,0.595185161,2.24798632,8.365085,246.7439,274.330139,1.62819624,0.7363505,2.08490324,0.910348833,36.7787552,271.311371
3/9/2023 4:27:02 PM,-208.7021,-0.0338562168,-0.432609826,2.09586954,1.30549109,2.624265,318.56546,255.110016,2.83314085,1.78714371,0.595314145,2.24792123,8.337797,246.765625,274.3729,1.63113093,0.7357089,2.08513474,1.145605,38.12137,271.4905
3/9/2023 4:27:02 PM,-208.7021,-0.0338476375,-0.4325225,2.080633,1.30222666,2.63396621,318.77298,255.522614,3.27311826,1.78703511,0.59544903,2.24800086,8.185894,246.780762,274.4219,1.63283587,0.735062659,2.08549047,1.33545709,39.1761627,271.8333
3/9/2023 4:27:02 PM,-208.7021,-0.03281248,-0.432815075,2.05972314,1.29768217,2.63048124,320.617859,259.965881,357.179626,1.7870754,0.5954112,2.24799156,8.187957,246.69899,274.4265,1.63157141,0.7355061,2.0853374,1.1015178,38.3317947,271.694153
3/9/2023 4:27:03 PM,-208.7021,-0.0318061933,-0.432763875,2.03865266,1.29765522,2.61739969,320.810852,260.813873,358.75766,1.78736985,0.5952117,2.24788952,8.329986,246.68573,274.280273,1.63096786,0.7355825,2.085148,1.13405287,37.9954224,271.542053
3/9/2023 4:27:03 PM,-208.7021,-0.0312221739,-0.432970464,2.03239727,1.304163,2.60417986,320.2293,260.189972,0.2706187,1.78727984,0.595262051,2.24798656,8.277066,246.7204,274.3805,1.63315856,0.7351586,2.0853498,1.36875844,38.9531441,271.57077
3/9/2023 4:27:03 PM,-208.7021,-0.0322434455,-0.4327849,2.02965188,1.30715609,2.58953333,321.6903,259.685333,0.663867056,1.78723145,0.5952909,2.24791765,8.282742,246.802216,274.2911,1.63335133,0.7350987,2.08519053,1.25752342,39.132,271.7396
3/9/2023 4:27:03 PM,-208.7021,-0.03098827,-0.433106869,2.03336382,1.30736923,2.5728178,322.435028,258.942566,2.23388982,1.78729343,0.5952339,2.247797,8.182566,246.589172,274.382721,1.6300981,0.7360507,2.08476543,359.801056,38.42114,272.964355
3/9/2023 4:27:03 PM,-208.702118,-0.03066404,-0.432631165,2.0499227,1.31458354,2.55636287,318.9853,255.865448,5.867543,1.78731251,0.595228851,2.24797058,8.262267,246.738434,274.363251,1.6336683,0.7348994,2.0854156,1.59751666,39.2899361,271.5326
3/9/2023 4:27:03 PM,-208.7021,-0.03337886,-0.4326726,2.06746435,1.32261848,2.54393625,318.578461,256.4151,7.52150774,1.78714633,0.5953428,2.24784756,8.16375351,246.697235,274.3778,1.63350451,0.7350066,2.08530474,1.462574,39.15399,271.565765
3/9/2023 4:27:03 PM,-208.7021,-0.0340680927,-0.4325902,2.07405853,1.32220185,2.5367105,318.208679,257.588531,8.711671,1.787458,0.5952112,2.24812627,8.25690651,246.843216,274.358551,1.6340903,0.73499155,2.08523917,1.39351308,39.5192757,271.7093
3/9/2023 4:27:03 PM,-208.7021,-0.0339017436,-0.432228863,2.079082,1.320529,2.52951384,318.5978,256.7807,10.22227,1.7874018,0.595261753,2.24821854,8.156802,246.849213,274.4079,1.63323081,0.7352092,2.0851922,1.4069674,39.09248,271.517029
3/9/2023 4:27:03 PM,-208.7021,-0.0339675248,-0.432523,2.08204031,1.316074,2.516636,318.522949,253.607422,13.4330254,1.78747845,0.595167339,2.24793887,8.339732,246.782455,274.2817,1.63364625,0.7350303,2.08529425,1.56954324,39.13513,271.4254
3/9/2023 4:27:03 PM,-208.7021,-0.0329496637,-0.433000952,2.07937932,1.31700945,2.503923,316.6515,257.624237,11.9888344,1.78786528,0.595124,2.24835443,8.23982,246.92952,274.325317,1.63291669,0.7352771,2.08518243,1.38660228,38.9567337,271.507538
3/9/2023 4:27:04 PM,-208.702118,-0.0323969647,-0.4328754,2.07267833,1.319828,2.49277854,316.642334,259.231171,14.3483782,1.78738523,0.5953895,2.24828148,8.03302,246.870483,274.477173,1.63366961,0.7349757,2.08521366,1.558201,39.009,271.3788
3/9/2023 4:27:04 PM,-208.7021,-0.0345153362,-0.432509,2.05594468,1.32231426,2.47500062,315.5256,264.133972,12.8191319,1.78742349,0.5953176,2.24826455,8.13298,246.888672,274.425659,1.63194883,0.7353356,2.085185,1.29364014,38.5700645,271.591583
3/9/2023 4:27:04 PM,-208.702118,-0.0332468376,-0.432402283,2.04625082,1.32208157,2.466761,314.856445,269.1329,11.1439714,1.78752935,0.595202446,2.24823833,8.1640625,246.844589,274.410645,1.6332202,0.734977,2.0853548,1.477392,39.1824722,271.641724
3/9/2023 4:27:04 PM,-208.7021,-0.0325649,-0.432949662,2.038015,1.321794,2.462364,314.792053,274.013184,9.11393,1.78737044,0.5952687,2.24791169,8.117276,246.628418,274.405731,1.6331377,0.735077262,2.085263,1.31788,38.89555,271.623627
3/9/2023 4:27:04 PM,-208.7021,-0.0330260731,-0.433808446,2.03375745,1.32293808,2.460529,314.12088,278.8052,6.543958,1.78746748,0.5951927,2.24840188,8.168414,246.944565,274.4528,1.63470662,0.7345845,2.08537459,1.82673967,39.414032,271.312927
3/9/2023 4:27:04 PM,-208.702118,-0.03395969,-0.432825983,2.03065872,1.3222537,2.46043634,315.9403,281.160278,1.91119707,1.78776884,0.5950917,2.24827862,8.278377,246.880219,274.321716,1.633637,0.7351246,2.085182,1.34712458,39.1920929,271.603149
3/9/2023 4:27:04 PM,-208.702118,-0.033286348,-0.433383852,2.012592,1.30782211,2.45908737,324.470062,282.0214,355.2832,1.78757942,0.595158,2.24815726,8.245617,246.8527,274.32074,1.63377047,0.73491776,2.0852654,1.457981,39.33285,271.644867
3/9/2023 4:27:04 PM,-208.7021,-0.0326270536,-0.4333732,1.99815571,1.294808,2.45743155,325.0605,284.697083,348.773224,1.78746474,0.59531033,2.248304,7.98206663,246.799057,274.491455,1.63359034,0.73505044,2.08513618,1.483741,39.00452,271.4179
3/9/2023 4:27:04 PM,-208.702118,-0.03493976,-0.432899535,1.99362445,1.29060137,2.46363783,322.9301,292.3058,337.8413,1.78605843,0.5961891,2.24878049,8.077972,247.831146,273.566864,1.633201,0.735026,2.08528113,1.53507745,38.9437447,271.4309
3/9/2023 4:27:04 PM,-208.7021,-0.0339957774,-0.432681233,2.002051,1.29092741,2.47809124,321.3483,299.338379,333.796783,1.79504848,0.5971697,2.26667976,7.28211975,244.593491,274.8679,1.63354325,0.735069752,2.0851922,1.37725592,39.1831131,271.61618
3/9/2023 4:27:05 PM,-208.702072,-0.0326560363,-0.433943182,2.005051,1.2942301,2.48514867,320.585022,300.2397,337.3238,1.80256271,0.596580744,2.271259,7.67311144,242.037048,274.111969,1.63352025,0.7351009,2.085176,1.39237547,39.1148453,271.565247
3/9/2023 4:27:05 PM,-208.702118,-0.03290908,-0.4318701,2.00378585,1.29595041,2.48507333,321.256653,298.775543,338.959167,1.80392778,0.59725064,2.28094935,7.165637,243.035416,274.313538,1.63359821,0.7350186,2.08526134,1.51117706,39.2280235,271.526428
3/9/2023 4:27:05 PM,-208.7021,-0.03212139,-0.433099121,1.99620914,1.29440808,2.48138857,322.7252,295.7895,341.012115,1.819601,0.5963221,2.29621339,7.620838,234.509018,275.076538,1.6333499,0.735046864,2.08528113,1.39197922,39.1580963,271.66098
3/9/2023 4:27:05 PM,-208.702118,-0.0321664251,-0.4327638,1.98487234,1.29426551,2.473795,323.2275,287.094055,344.666962,1.83463681,0.5961998,2.30003333,7.626952,227.224136,274.945343,1.63347459,0.735120952,2.08511782,1.236864,39.1707649,271.732819
3/9/2023 4:27:05 PM,-208.7021,-0.0325437039,-0.432422131,1.97320259,1.29299974,2.45646214,325.162567,276.257874,346.459,1.83444571,0.596471131,2.30011058,7.52168369,227.168457,275.0549,1.6334753,0.7350737,2.08530831,1.54479015,39.01571,271.392273
3/9/2023 4:27:05 PM,-208.7021,-0.03202323,-0.4319057,1.96329749,1.28821814,2.437615,327.5321,271.686646,346.976532,1.83428466,0.59661907,2.30006313,7.451482,227.121124,275.123077,1.63352633,0.735051632,2.08524942,1.25065231,39.1478157,271.769043
3/9/2023 4:27:05 PM,-208.702118,-0.03227151,-0.431653261,1.95695233,1.28495407,2.42783451,327.617645,270.582123,347.9172,1.83441508,0.5967016,2.30007315,7.42551041,227.16774,275.061,1.63375878,0.7349057,2.08533287,1.550526,39.1832352,271.520752
3/9/2023 4:27:05 PM,-208.7021,-0.0332286656,-0.432446659,1.95762718,1.28608561,2.428402,328.1331,271.34845,348.143433,1.83410025,0.5968368,2.3003006,7.22801638,227.3252,275.284821,1.63392866,0.735060334,2.08514929,1.42175245,39.2022476,271.5217
3/9/2023 4:27:05 PM,-208.7021,-0.03375753,-0.432958633,1.95678556,1.28354144,2.44162822,329.9069,277.8248,350.262726,1.83453572,0.5965939,2.300365,7.350338,227.295822,275.173462,1.632884,0.735249639,2.085238,1.27461672,39.10415,271.703033
3/9/2023 4:27:05 PM,-208.7021,-0.0324357823,-0.4330844,1.959409,1.28168809,2.46710515,329.148132,284.882324,350.827118,1.83452058,0.596645057,2.30034161,7.380402,227.23732,275.154175,1.63358188,0.7350782,2.08523846,1.46550345,39.2053,271.54834
3/9/2023 4:27:06 PM,-208.7021,-0.0325451568,-0.433053881,1.96261168,1.27904475,2.4840107,332.02243,285.9981,351.12207,1.83450341,0.5966419,2.30039978,7.3795805,227.294,275.164276,1.634021,0.735092342,2.08520269,1.43242788,39.1259422,271.460144
3/9/2023 4:27:06 PM,-208.7021,-0.03295712,-0.433379829,1.96412861,1.26994836,2.48803926,334.471649,283.154022,349.531738,1.834351,0.5966502,2.30054736,7.277389,227.334549,275.3333,1.63316059,0.735206246,2.085221,1.39032233,38.9125328,271.4994
3/9/2023 4:27:06 PM,-208.7021,-0.03360261,-0.432483435,1.962616,1.26280451,2.48368239,336.166,282.759155,349.841431,1.83437479,0.596642435,2.3003,7.379572,227.244339,275.178345,1.632819,0.7351179,2.085256,1.4421196,38.7386665,271.475128
3/9/2023 4:27:06 PM,-208.702118,-0.0339806862,-0.431860983,1.96161556,1.25581038,2.472387,336.0074,280.806946,352.116516,1.8343128,0.5966829,2.30040216,7.290977,227.345062,275.245239,1.63312638,0.7351235,2.08519983,1.23373842,39.1193237,271.791351
3/9/2023 4:27:06 PM,-208.702118,-0.0334385149,-0.432498634,1.96067858,1.26243544,2.46718383,332.7061,283.2381,353.8017,1.83443284,0.5967426,2.300202,7.33477974,227.212845,275.090881,1.63356817,0.7349766,2.08518815,1.60349894,38.8819771,271.2951
3/9/2023 4:27:06 PM,-208.702118,-0.03359692,-0.4324071,1.96571672,1.27332532,2.467852,327.468323,285.680939,356.429352,1.83446741,0.596649349,2.30039549,7.41306734,227.289047,275.1821,1.63329768,0.7351883,2.08521461,1.37512255,39.1050377,271.5781
3/9/2023 4:27:06 PM,-208.702118,-0.03504175,-0.4321584,1.97528374,1.28664851,2.46733785,323.1653,286.529358,358.8375,1.83442867,0.5967566,2.30033088,7.30687761,227.247437,275.18988,1.63360476,0.735093236,2.08514881,1.44325042,39.28947,271.563873
3/9/2023 4:27:06 PM,-208.7021,-0.0322698653,-0.433000416,1.97742367,1.29692233,2.45618081,324.896881,279.01123,7.90131474,1.83440793,0.596668839,2.30039382,7.298964,227.229065,275.297546,1.6336993,0.735007942,2.08527756,1.53980911,39.2836952,271.510162
3/9/2023 4:27:06 PM,-208.702118,-0.0340268165,-0.432817638,1.97021914,1.2973907,2.42627239,325.2163,268.378052,13.4762621,1.83445716,0.596701145,2.300356,7.33304071,227.3391,275.134033,1.633573,0.7350123,2.085263,1.48337543,39.199585,271.563629
3/9/2023 4:27:06 PM,-208.7021,-0.0323033854,-0.433357865,1.96105242,1.295304,2.40509,325.922241,268.338379,11.8835077,1.83435035,0.5968455,2.30027223,7.2399826,227.2632,275.209473,1.6319344,0.735646963,2.084951,1.07767439,38.52098,271.5968
3/9/2023 4:27:07 PM,-208.7021,-0.03294815,-0.432462662,1.95615518,1.29479456,2.40723515,327.230438,271.027832,8.715188,1.83447754,0.5967033,2.300331,7.402956,227.197571,275.1866,1.63276029,0.7351823,2.08525753,1.340465,39.0185051,271.664429
3/9/2023 4:27:07 PM,-208.7021,-0.0344666131,-0.432469338,1.95041966,1.29093194,2.41832972,329.012756,274.5398,5.58279657,1.83425081,0.5967973,2.30034161,7.30827951,227.323456,275.231781,1.63335657,0.7351755,2.08513045,1.3672024,39.00585,271.533875
3/9/2023 4:27:07 PM,-208.702118,-0.03256397,-0.432644933,1.94522548,1.28580582,2.43404412,329.633057,277.224579,3.59609175,1.83429742,0.5967284,2.300395,7.31601954,227.346466,275.221558,1.63381076,0.735064447,2.08513045,1.4657836,39.2941,271.506866
3/9/2023 4:27:07 PM,-208.702118,-0.0331495926,-0.432357967,1.94355559,1.28284931,2.44229126,329.5385,273.48877,0.332258075,1.83446121,0.596801,2.300187,7.259755,227.239,275.090576,1.63345659,0.735168934,2.08509612,1.379958,38.90263,271.453339
3/9/2023 4:27:07 PM,-208.702118,-0.032377772,-0.432736576,1.93505359,1.27327693,2.45379472,332.5365,277.284424,357.328827,1.8342756,0.5967659,2.3003428,7.217448,227.315384,275.2643,1.63351882,0.73518455,2.085044,1.32362223,39.01428,271.523621
3/9/2023 4:27:07 PM,-208.7021,-0.03197346,-0.433169872,1.92410982,1.25438774,2.47051334,338.527924,284.5214,355.745,1.83438981,0.596628547,2.300461,7.38021231,227.286774,275.2651,1.63222384,0.735407,2.08501339,1.15395141,38.6099434,271.638
3/9/2023 4:27:07 PM,-208.702118,-0.0337164439,-0.4328499,1.91918862,1.23629224,2.48705769,336.128143,289.257233,358.8233,1.834222,0.596897542,2.30015755,7.11838245,227.269669,275.199524,1.63307893,0.7352519,2.08517051,1.20566869,39.07841,271.752045
3/9/2023 4:27:07 PM,-208.702118,-0.0340060331,-0.4323201,1.92107093,1.22635281,2.494273,339.739349,288.8039,0.05146249,1.83425653,0.596769,2.300283,7.23945761,227.274963,275.248169,1.633203,0.735275149,2.08515,1.3738364,38.9874954,271.4668
3/9/2023 4:27:07 PM,-208.702118,-0.0340857767,-0.4320084,1.92483056,1.21824,2.49713564,340.544952,288.853668,359.5987,1.83450925,0.5967133,2.30032825,7.40861654,227.270645,275.125458,1.63202059,0.735528,2.085005,0.9464545,38.7862778,271.914917
3/9/2023 4:27:07 PM,-208.7021,-0.03331619,-0.432837546,1.93023825,1.21441436,2.5002768,341.1109,289.455017,0.703833044,1.83462,0.596647143,2.30034781,7.463995,227.132553,275.160675,1.6329658,0.7351391,2.08525038,1.27999008,39.0753822,271.7716
3/9/2023 4:27:08 PM,-208.7021,-0.0329545438,-0.432818681,1.93547785,1.21305752,2.49899864,341.5942,288.305328,1.45728528,1.83425319,0.5969165,2.30028057,7.22004032,227.298843,275.1924,1.63343763,0.7352607,2.08510113,1.423095,39.1302643,271.455536
3/9/2023 4:27:08 PM,-208.702118,-0.0341375545,-0.432506472,1.938641,1.21254575,2.49564147,342.576416,287.140381,1.32944608,1.83424914,0.596936941,2.30029917,7.22399235,227.249252,275.252625,1.62887251,0.736405134,2.08465314,0.982589662,36.9700623,271.132751
3/9/2023 4:27:08 PM,-208.7021,-0.0347006619,-0.4322491,1.94377637,1.21350408,2.49232721,341.917725,286.370117,1.1259377,1.83428073,0.5968721,2.30020642,7.194672,227.305679,275.154053,1.63327229,0.7351824,2.08524084,1.36404765,39.0019531,271.574463
3/9/2023 4:27:08 PM,-208.702118,-0.0348516256,-0.432311833,1.9476229,1.21548951,2.49095368,341.517426,286.882629,1.100448,1.83417833,0.5968716,2.30040646,7.24733973,227.379578,275.278076,1.6335789,0.7350866,2.08514071,1.44115794,38.87513,271.4181
3/9/2023 4:27:08 PM,-208.702118,-0.0337947831,-0.432495445,1.95288837,1.21489418,2.49171567,341.8717,287.7222,0.977480233,1.83420658,0.59701705,2.30012631,7.12878656,227.365311,275.098938,1.62706089,0.73669374,2.08448935,359.432343,37.1523132,272.9819
3/9/2023 4:27:08 PM,-208.7021,-0.03433188,-0.43298468,1.95672977,1.21485686,2.49045587,341.543854,287.4045,0.7191529,1.83442914,0.59679234,2.30024481,7.258678,227.1705,275.22818,1.63053608,0.735798836,2.08488774,1.02144229,37.8041458,271.503418
3/9/2023 4:27:08 PM,-208.702118,-0.03297387,-0.432687134,1.9606539,1.216421,2.48955965,340.9682,288.0746,0.409258366,1.83437574,0.5967524,2.300318,7.249663,227.298035,275.2262,1.63359857,0.735092044,2.0852263,1.395474,39.2185631,271.6161
3/9/2023 4:27:08 PM,-208.7021,-0.0337693244,-0.432810545,1.96329987,1.21955943,2.48897552,340.1148,288.0287,0.616595745,1.83430707,0.5968324,2.30026817,7.28559875,227.315125,275.167847,1.63350022,0.735075355,2.08508587,1.47125983,38.96251,271.420471
3/9/2023 4:27:08 PM,-208.7021,-0.0338031836,-0.432983369,1.964497,1.22192526,2.487246,339.9322,287.707184,0.6186596,1.83435857,0.5969256,2.30024648,7.20039,227.153122,275.208374,1.633153,0.7351735,2.08518481,1.490705,38.9642334,271.406036
3/9/2023 4:27:08 PM,-208.7021,-0.033177007,-0.4329044,1.96423447,1.22207332,2.486318,340.3169,287.3687,0.7800604,1.83441973,0.5967627,2.30032325,7.344757,227.254028,275.170319,1.63331366,0.735174835,2.08518958,1.22540545,39.23119,271.803162
3/9/2023 4:27:09 PM,-208.7021,-0.0337612331,-0.432641566,1.96157038,1.22147107,2.48494625,340.152771,286.961,0.266482174,1.83435214,0.596968532,2.300066,7.18652964,227.165939,275.11908,1.63202715,0.735316038,2.08513713,1.15178752,38.5960846,271.716553
3/9/2023 4:27:09 PM,-208.7021,-0.0332740471,-0.43278423,1.97047544,1.24690628,2.47830462,331.1575,284.990479,1.059234,1.83445907,0.596792936,2.30025935,7.32249928,227.219482,275.134521,1.63199735,0.7353984,2.08510041,0.9880922,38.7053337,271.920563
3/9/2023 4:27:09 PM,-208.7021,-0.03370321,-0.432246834,1.98684335,1.27322912,2.47403812,326.3096,286.326447,359.534729,1.8342396,0.5968815,2.3002696,7.246236,227.319565,275.1748,1.6298269,0.736016631,2.08478069,0.245718509,38.3166428,272.46698
3/9/2023 4:27:09 PM,-208.7021,-0.033390373,-0.432463944,2.00490379,1.29049289,2.47478032,324.708954,286.9909,357.146667,1.83429241,0.596913457,2.30017471,7.239652,227.1062,275.244171,1.63305628,0.7353956,2.08504653,1.26342952,38.85541,271.485382
3/9/2023 4:27:09 PM,-208.702118,-0.03213775,-0.432818174,2.01313424,1.30018711,2.47944117,318.8355,289.704071,354.4175,1.83435965,0.59682405,2.30031514,7.27805,227.1733,275.298157,1.63111091,0.735730469,2.08499336,1.06466925,38.17043,271.57135
3/9/2023 4:27:09 PM,-208.702118,-0.03329419,-0.4326245,2.01540256,1.30821252,2.486973,319.56427,294.697418,351.3944,1.834412,0.5966124,2.300464,7.3038187,227.1766,275.404144,1.62893939,0.7364313,2.08465624,359.5742,37.92595,272.97644
3/9/2023 4:27:09 PM,-208.7021,-0.0336655825,-0.432784826,2.016844,1.30719662,2.502496,321.83963,309.671417,339.584442,1.83389723,0.597379744,2.29981351,7.120907,227.225723,274.925446,1.63303649,0.7352055,2.08520865,1.3310231,38.94185,271.601685
3/9/2023 4:27:09 PM,-208.702118,-0.0332166925,-0.432946831,2.021692,1.2974081,2.53289056,322.9419,315.573059,337.33136,1.83383918,0.5974409,2.29989672,7.068936,227.303329,274.951782,1.63356,0.7348816,2.085262,1.54831743,39.0624428,271.5053
3/9/2023 4:27:09 PM,-208.702118,-0.0343092643,-0.4328,2.01097584,1.2961942,2.53737569,321.88147,311.745972,341.030365,1.83395493,0.597187161,2.29997921,7.24125147,227.305176,274.972961,1.63296342,0.735167444,2.08528137,1.25271893,38.87878,271.7025
3/9/2023 4:27:09 PM,-208.702118,-0.03449759,-0.4324454,1.99736261,1.29938149,2.53573847,321.38443,309.386078,345.033264,1.8330164,0.5973549,2.30035973,7.02725744,227.552231,275.067627,1.63220727,0.7353229,2.08515382,0.952413,38.95875,272.081329
3/9/2023 4:27:10 PM,-208.702118,-0.0331316926,-0.4323113,1.98664463,1.30674708,2.5334053,319.874,305.5039,348.295868,1.834019,0.5971013,2.30007434,7.23573446,227.327774,274.874725,1.63174939,0.735340536,2.08520222,1.11658466,38.3192444,271.700134
3/9/2023 4:27:10 PM,-208.7021,-0.0334389135,-0.432680339,1.98155391,1.31328762,2.53188181,318.1434,301.961182,350.555084,1.8337357,0.5971227,2.300054,7.16827,227.33255,274.9909,1.63061309,0.735559642,2.0850594,1.19761574,37.6304131,271.3708
3/9/2023 4:27:10 PM,-208.7021,-0.03348758,-0.432626784,1.97606182,1.31878567,2.53082156,317.0884,299.4712,351.091431,1.83377528,0.597142458,2.30005836,7.154273,227.365036,274.960052,1.63106441,0.7354899,2.08509445,1.30279839,37.8416252,271.319061
3/9/2023 4:27:10 PM,-208.702118,-0.0333977863,-0.432231784,1.96867931,1.320381,2.52951217,316.778839,296.4361,351.182983,1.83338273,0.5973253,2.30007029,7.01557875,227.331909,275.151062,1.632027,0.735293269,2.08515978,1.3114835,38.3136177,271.46637
3/9/2023 4:27:10 PM,-208.702118,-0.0333181173,-0.4333257,1.96002209,1.31970239,2.52524233,317.5395,294.0954,352.686829,1.833392,0.597313046,2.299935,7.03825665,227.35289,275.0337,1.63325357,0.7351397,2.08528042,1.32617235,39.2502861,271.728333
3/9/2023 4:27:10 PM,-208.7021,-0.0321837366,-0.433272064,1.95095444,1.31593931,2.52285814,318.7316,293.6482,353.311676,1.83298278,0.5973954,2.299898,7.048313,227.424423,275.052826,1.63359392,0.735013843,2.08520985,1.55006659,39.2424774,271.467163
3/9/2023 4:27:10 PM,-208.7021,-0.032026723,-0.4328577,1.94992089,1.31484234,2.52421474,317.989258,294.867065,352.7489,1.83298886,0.5975377,2.299838,6.99204254,227.395676,275.0307,1.6333648,0.734919548,2.08532548,1.56262684,38.8256454,271.4047
3/9/2023 4:27:10 PM,-208.7021,-0.0335513055,-0.4329998,1.95172894,1.31625664,2.52473021,317.668152,294.4169,353.015167,1.83325648,0.597180545,2.30026674,7.086332,227.38858,275.225952,1.63557315,0.7344868,2.08545065,2.08242321,39.6630554,271.071472
3/9/2023 4:27:10 PM,-208.7021,-0.0340510681,-0.432671249,1.95436728,1.31855083,2.52302122,317.453125,292.5237,352.943146,2.11395669,0.5162315,2.446091,7.28825855,227.485809,274.475952,1.63517642,0.734530866,2.08540845,1.94409645,39.66812,271.258118
3/9/2023 4:27:10 PM,-208.7021,-0.033352863,-0.434202641,1.95274568,1.31943238,2.51853323,317.5482,291.097778,353.222931,2.1230154,0.5129899,2.45112681,7.60894775,227.494873,274.6114,1.63293183,0.735107,2.085198,1.291758,38.88543,271.6465
3/9/2023 4:27:11 PM,-208.702118,-0.0340754464,-0.432273418,1.9472543,1.318537,2.51621,318.7276,291.108063,353.1726,2.12678814,0.512058735,2.45305729,7.57175732,227.486664,274.594177,1.63288069,0.7350878,2.08526039,1.42297208,38.7546463,271.49762
3/9/2023 4:27:11 PM,-208.7021,-0.0331775844,-0.431758165,1.943289,1.31471729,2.51527119,319.7425,290.647949,353.515564,2.095165,0.5211852,2.43650675,7.595073,227.527679,274.554626,1.6331656,0.735269666,2.08519816,1.38313329,38.92218,271.45816
3/9/2023 4:27:11 PM,-208.7021,-0.0333143361,-0.432953447,1.94234848,1.31478059,2.514002,318.28183,290.7561,353.8042,2.09874034,0.520843863,2.43777919,7.3287487,227.471436,274.190948,1.63421142,0.7348598,2.08521533,1.77914214,39.20062,271.1834
3/9/2023 4:27:11 PM,-208.7021,-0.03405606,-0.4328034,2510.48633,-1940.23108,1314.76074,46.9564629,203.916153,204.1871,2.1071763,0.518001854,2.442674,7.501973,227.502777,274.506866,1.63387239,0.7349283,2.085316,1.66727281,39.285,271.390259
